0.000000 0.000000 0.000000 0.000000 0.000000 0.000000 0.000000 0.000000 0.000000 0.000000
0.000000 0.000000 0.000000 0.000000 0.000000 0.000000 21.08039 0.000000 0.000000 0.000000
0.000000 0.000000 0.000000 0.000000 0.000000 0.000000 32.58254 0.000000 0.000000 0.000000
0.000000 0.000000 0.000000 0.000000 3.090161 0.000000 54.93567 0.000000 1.079437 0.000000
0.000000 0.000000 0.000000 0.000000 3.110788 0.000000 63.47160 0.000000 29.34329 0.000000
0.000000 0.000000 0.000000 0.000000 4.172055 0.000000 75.92068 0.000000 30.47243 0.000000
0.000000 0.000000 0.000000 0.000000 4.172055 0.000000 78.64451 0.000000 30.47243 0.000000
0.000000 0.000000 0.000000 0.000000 4.172055 0.000000 81.16623 0.000000 33.33088 0.000000
0.000000 0.000000 0.000000 0.000000 4.172055 0.000000 93.05046 0.000000 39.08420 0.000000
0.000000 0.000000 0.000000 0.000000 11.46398 0.000000 101.1853 0.000000 50.27407 0.000000
0.000000 0.000000 0.000000 0.000000 20.53343 0.000000 131.0487 0.000000 56.77062 0.000000
0.000000 0.000000 0.000000 0.000000 31.68785 0.000000 152.1310 0.000000 58.95268 0.015000
0.000000 0.000000 0.000000 0.003000 44.02693 0.000000 201.6189 0.000000 58.95268 0.015000
0.002250 0.037499 0.000000 0.004500 48.09146 0.000000 224.6854 0.000000 65.83529 2.801940
2.179936 0.037499 0.000000 3.212340 53.14886 0.000000 249.8850 0.000000 65.83529 7.581825
2.179936 0.037499 0.000000 3.212340 56.66952 0.000000 262.3360 0.000000 66.46491 9.151957
4.822516 0.037499 0.000000 3.212340 59.80934 0.000000 265.0873 0.000000 71.96419 9.151957
5.943747 1.495850 0.000000 3.212340 65.72674 0.000000 267.1251 0.000000 76.26125 9.151957
8.240631 1.495850 0.000000 4.635471 69.36988 0.000000 276.6681 0.000000 81.38902 9.151957
8.240631 7.954095 0.826145 5.187535 75.29069 2.572422 288.4400 0.000000 87.83039 9.151957
8.240631 22.11535 1.909917 15.08136 85.35042 2.572422 303.7950 2.827182 92.77674 9.151957
8.240631 23.35213 2.995937 29.33312 94.62772 4.283204 317.1960 3.256190 92.82399 9.151957
8.694383 25.33513 4.252191 30.69363 97.45260 5.526333 327.5793 3.777066 97.38063 9.151957
8.694383 27.64255 6.912863 30.69363 97.72223 6.593226 334.6680 3.777066 97.42188 9.151957
10.85323 37.40669 13.15092 39.21353 104.2595 8.285583 341.4409 4.268686 97.42188 9.151957
10.85323 40.63860 13.69655 40.47916 107.6134 8.431833 344.2819 6.352567 97.42188 9.151957
10.85323 41.48873 13.69655 41.07916 107.7259 9.179960 348.2505 6.352567 97.42188 9.151957
10.85323 41.48873 13.69655 41.37167 107.7259 9.268085 356.3651 6.604192 97.42188 9.151957
10.85323 42.51061 14.24780 42.82929 107.8061 9.268085 358.9868 7.224069 97.46313 9.151957
10.85323 43.90938 14.24780 42.90242 108.4609 9.268085 362.6247 7.287820 97.46313 9.151957
10.85323 43.96225 14.24780 42.96617 110.4285 9.268085 363.6473 7.287820 97.46313 9.151957
10.85323 43.96225 14.24780 43.09667 110.4285 9.545583 364.3632 7.287820 97.46313 9.151957
10.85323 44.14675 15.11817 43.09817 110.5508 9.553083 365.5977 7.287820 97.46313 9.446333
10.85323 44.14675 15.11817 44.46730 111.0641 9.553083 366.7579 7.338820 97.46313 9.446333
10.85323 44.14675 15.11817 44.46730 111.0641 9.553083 368.7859 7.338820 97.46313 9.446333
10.85323 44.14675 15.11817 44.46730 111.0641 9.553083 371.5895 7.338820 97.46313 9.446333
10.85323 44.14675 15.11817 44.66230 111.0641 10.12309 373.9872 7.465572 97.46313 9.446333
10.85323 45.84326 20.04869 44.74218 111.2483 10.58434 375.2094 7.465572 97.46313 9.446333
10.85323 45.84326 20.06706 45.00880 111.2483 10.58434 378.3533 7.465572 98.76774 10.39245
14.42999 51.97565 20.39331 47.36643 111.3885 10.58434 386.8006 7.762198 98.76774 10.85932
22.68929 51.97565 22.08425 55.31148 112.0388 13.61506 403.0365 8.984311 98.76774 11.49832
23.85179 51.97565 22.08425 61.43674 112.0594 13.93794 420.4969 9.577938 98.76774 11.86994
