0.000000  1.000000
41.57500  0.507045
55.22500  0.589996
86.47500  0.683495
136.7250  0.701596
154.6750  0.714822
157.7000  0.718383
164.3000  0.722271
184.2500  0.739792
222.8750  0.731008
292.9000  0.711344
339.2750  0.715604
417.4750  0.729664
467.5250  0.730353
532.0500  0.717753
556.0000  0.719518
579.7250  0.714279
597.7250  0.717582
627.0250  0.719191
671.2000  0.723322
746.9250  0.728080
803.4000  0.728480
836.1250  0.729368
855.0750  0.728916
908.2250  0.732696
928.6000  0.731123
936.3250  0.731798
950.8000  0.729856
958.0750  0.730988
968.2500  0.729326
972.5750  0.729277
974.0750  0.729307
979.3750  0.728133
984.5500  0.727448
987.4000  0.727402
991.0000  0.727589
996.3000  0.727020
1006.600  0.728099
1014.200  0.728243
1048.675  0.725037
1100.600  0.726877
1133.125  0.729009
