0.000000 0.000000 0.000000 0.000000 0.000000 0.000000 0.000000 0.000000 0.000000 0.000000
0.000000 0.000000 0.000000 0.000000 0.000000 0.000000 0.015262 0.000000 0.000000 0.000000
0.000000 0.000000 0.000000 0.000000 0.000000 0.000000 0.023589 0.000000 0.000000 0.000000
0.000000 0.000000 0.000000 0.000000 0.002237 0.000000 0.039772 0.000000 0.000781 0.000000
0.000000 0.000000 0.000000 0.000000 0.002252 0.000000 0.045951 0.000000 0.021244 0.000000
0.000000 0.000000 0.000000 0.000000 0.003020 0.000000 0.054964 0.000000 0.022061 0.000000
0.000000 0.000000 0.000000 0.000000 0.003020 0.000000 0.056936 0.000000 0.022061 0.000000
0.000000 0.000000 0.000000 0.000000 0.003020 0.000000 0.058762 0.000000 0.024130 0.000000
0.000000 0.000000 0.000000 0.000000 0.003020 0.000000 0.067365 0.000000 0.028296 0.000000
0.000000 0.000000 0.000000 0.000000 0.008300 0.000000 0.073255 0.000000 0.036397 0.000000
0.000000 0.000000 0.000000 0.000000 0.014866 0.000000 0.094875 0.000000 0.041100 0.000000
0.000000 0.000000 0.000000 0.000000 0.022941 0.000000 0.110138 0.000000 0.042680 0.000011
0.000000 0.000000 0.000000 0.000002 0.031874 0.000000 0.145965 0.000000 0.042680 0.000011
0.000002 0.000027 0.000000 0.000003 0.034817 0.000000 0.162665 0.000000 0.047663 0.002029
0.001578 0.000027 0.000000 0.002326 0.038478 0.000000 0.180908 0.000000 0.047663 0.005489
0.001578 0.000027 0.000000 0.002326 0.041027 0.000000 0.189923 0.000000 0.048118 0.006626
0.003491 0.000027 0.000000 0.002326 0.043300 0.000000 0.191914 0.000000 0.052100 0.006626
0.004303 0.001083 0.000000 0.002326 0.047584 0.000000 0.193390 0.000000 0.055211 0.006626
0.005966 0.001083 0.000000 0.003356 0.050222 0.000000 0.200299 0.000000 0.058923 0.006626
0.005966 0.005759 0.000598 0.003756 0.054508 0.001862 0.208821 0.000000 0.063586 0.006626
0.005966 0.016011 0.001383 0.010918 0.061791 0.001862 0.219938 0.002047 0.067167 0.006626
0.005966 0.016906 0.002169 0.021236 0.068507 0.003101 0.229639 0.002357 0.067201 0.006626
0.006294 0.018342 0.003078 0.022221 0.070552 0.004001 0.237157 0.002734 0.070500 0.006626
0.006294 0.020012 0.005005 0.022221 0.070748 0.004773 0.242289 0.002734 0.070530 0.006626
0.007857 0.027081 0.009521 0.028389 0.075480 0.005998 0.247192 0.003090 0.070530 0.006626
0.007857 0.029421 0.009916 0.029306 0.077909 0.006104 0.249249 0.004599 0.070530 0.006626
0.007857 0.030036 0.009916 0.029740 0.077990 0.006646 0.252122 0.004599 0.070530 0.006626
0.007857 0.030036 0.009916 0.029952 0.077990 0.006710 0.257997 0.004781 0.070530 0.006626
0.007857 0.030776 0.010315 0.031007 0.078048 0.006710 0.259895 0.005230 0.070560 0.006626
0.007857 0.031789 0.010315 0.031060 0.078522 0.006710 0.262528 0.005276 0.070560 0.006626
0.007857 0.031827 0.010315 0.031106 0.079947 0.006710 0.263269 0.005276 0.070560 0.006626
0.007857 0.031827 0.010315 0.031201 0.079947 0.006911 0.263787 0.005276 0.070560 0.006626
0.007857 0.031961 0.010945 0.031202 0.080035 0.006916 0.264681 0.005276 0.070560 0.006839
0.007857 0.031961 0.010945 0.032193 0.080407 0.006916 0.265521 0.005313 0.070560 0.006839
0.007857 0.031961 0.010945 0.032193 0.080407 0.006916 0.266989 0.005313 0.070560 0.006839
0.007857 0.031961 0.010945 0.032193 0.080407 0.006916 0.269018 0.005313 0.070560 0.006839
0.007857 0.031961 0.010945 0.032334 0.080407 0.007329 0.270754 0.005405 0.070560 0.006839
0.007857 0.033189 0.014515 0.032392 0.080540 0.007663 0.271639 0.005405 0.070560 0.006839
0.007857 0.033189 0.014528 0.032585 0.080540 0.007663 0.273915 0.005405 0.071505 0.007524
0.010447 0.037629 0.014764 0.034292 0.080642 0.007663 0.280031 0.005620 0.071505 0.007862
0.016426 0.037629 0.015988 0.040044 0.081112 0.009857 0.291785 0.006504 0.071505 0.008324
0.017268 0.037629 0.015988 0.044478 0.081127 0.010091 0.304426 0.006934 0.071505 0.008593
