0.000000  1.000000
0.030099  0.507045
0.039981  0.589996
0.062605  0.683495
0.098984  0.701596
0.111980  0.714822
0.114170  0.718383
0.118948  0.722271
0.133391  0.739792
0.161354  0.731008
0.212050  0.711344
0.245624  0.715604
0.302238  0.729664
0.338473  0.730353
0.385187  0.717753
0.402526  0.719518
0.419702  0.714279
0.432733  0.717582
0.453945  0.719191
0.485927  0.723322
0.540749  0.728080
0.581635  0.728480
0.605327  0.729368
0.619046  0.728916
0.657525  0.732696
0.672276  0.731123
0.677868  0.731798
0.688348  0.729856
0.693615  0.730988
0.700981  0.729326
0.704112  0.729277
0.705198  0.729307
0.709035  0.728133
0.712782  0.727448
0.714845  0.727402
0.717451  0.727589
0.721288  0.727020
0.728745  0.728099
0.734247  0.728243
0.759206  0.725037
0.796798  0.726877
0.820345  0.729009
