2000  377532
2001  376995
2002  376458
2003  375921
2004  375384
2005  374847
2006  374310
2007  373773
2008  373236
2009  372699
2010  372161
2011  369841
2012  365949
2013  361196
2014  356290
2015  351941
2016  348699
2017  346482
2018  345047
2019  344153
2020  343558
2021  343021
2022  342299
2023  341152
2024  339338
2025  336614
2026  333946
2027  331328
2028  328762
2029  326246
2030  323779
2031  321360
2032  318989
2033  316663
2034  314384
2035  312148
2036  309956
2037  307807
2038  305700
2039  303635
2040  301609
2041  299623
2042  297676
2043  295767
2044  293895
2045  292059
2046  290260
2047  288495
2048  286765
2049  285069
2050  283406
2051  281775
2052  280176
2053  278609
2054  277072
2055  275565
2056  274087
2057  272638
2058  271218
2059  269825
2060  268460
2061  267121
2062  265808
2063  264521
2064  263259
2065  262021
2066  260808
2067  259619
2068  258452
2069  257309
2070  256188
2071  255088
2072  254010
2073  252954
2074  251917
2075  250901
2076  249905
2077  248929
2078  247971
2079  247032
2080  246112
2081  245209
2082  244324
2083  243456
2084  242605
2085  241771
2086  240953
2087  240151
2088  239365
2089  238594
2090  237838
2091  237097
2092  236371
2093  235658
2094  234960
2095  234275
2096  233603
2097  232945
2098  232299
2099  231666
2100  231045