 762  16355515
 763  13185239
 764  12138949
 765  12685643
 766  16660257
 767  14375547
 768  16546519
 769  16484271
 770  13488922
 771  14011105
 772  18114926
 773  15886543
 774  12322111
 775  15028307
 776  19109841
 777  16876598
 778  15418937
 779  14503654
 780  17182219
 781  13421825
 782  16320399
 783  18145684
 784  24311361
 785  17915230
 786   8763345
 787  15618444
 788  17226160
 789  17103401
 790  14332849
 791  13372094
 792  10659969
 793  13523559
 794  11755645
 795  18336644
 796  18024649
 797  11009997
 798  15936629
 799  12208650
 800  17259195
 801  21156703
 802  20099027
 803  21101838
 804  17055224
 805  13353297
 806  12959347
 807  11327593
 808  14091860
 809  10406327
 810  18500782
 811  18471774
 812  14237891
 813  15618277
 814  14161519
 815   8279002
 816  15709495
 817  12954139
 818  10920694
 819   8307854
 820  19628315
 821  19860049
 822  13059689
 823   4858370
 824  11685092
 825  12037829
 826  15763553
 827  12799283
 828  12232160
 829  11532311
 830  10424345
 831  15142170
 832  16931053
 833  15022092
 834  12336408
 835   9842892
 836  15108697
 837  16851325
 838  16257653
 839  12193651
 840   8886817
 841  12806811
 842  14201491
 843  16738425
 844  16901847
 845  14188653
 846  14097871
 847  12497697
 848  10492380
 849  11760590
 850  19028950
 851  16344786
 852  13484887
 853  15370852
 854  17130849
 855  14636839
 856  12471662
 857  15173940
 858  17963000
 859  15214938
 860  10727587
 861  13229587
 862  12762777
 863  12188112
 864  14672803
 865  14264453
 866  12753706
 867   9350241
 868  15138015
 869  14804630
 870  15031184
 871  14321444
 872  13726672
 873   9956939
 874   7487464
 875  10257692
 876  16813319
 877  17794538
 878  13413787
 879  14150230
 880  12475872
 881  13921835
 882  14007485
 883  11451756
 884   9265774
 885  15343966
 886  18819479
 887  20638697
 888  16983702
 889  11278569
 890  13516725
 891   9481251
 892  15321382
 893  16147989
 894  16947113
 895  16981406
 896  19949459
 897  13983532
 898  13187246
 899  19610235
 900  15192137
 901  12674597
 902  11714415
 903  10930496
 904  12982115
 905  15945619
 906   9959861
 907  11489422
 908  17576552
 909  13318833
 910  12085905
 911  17923033
 912  17787123
 913  14849548
 914  15064765
 915  12891388
 916  13316244
 917  14935387
 918  15659161
 919  15247500
 920   9500506
 921  19106196
 922  15906623
 923  16086271
 924   8208759
 925  13794313
 926  19991100
 927  17804970
 928  17003065
 929  18796579
 930  12157849
 931  17956098
 932  17050192
 933  12155107
 934  11146973
 935  16797857
 936  14433986
 937  14056929
 938  16633077
 939  10040185
 940  15915509
 941  12734409
 942  16152948
 943  15638433
 944  11294867
 945  16339827
 946  22508201
 947  16805647
 948  15425356
 949  13016335
 950  16090789
 951  14405340
 952  14062005
 953   8623809
 954  12268518
 955  13972330
 956  12159522
 957  10128590
 958  15733651
 959  16292903
 960  16610628
 961  13182320
 962  15880912
 963  14910857
 964  15386764
 965  17738236
 966  18828385
 967  14812504
 968  12060472
 969  16567639
 970  14118469
 971  10791315
 972  12156413
 973  19434828
 974  18255218
 975  12277885
 976  12139513
 977  13312977
 978  12048300
 979  10203405
 980   9319139
 981  10766232
 982  14327884
 983  13264517
 984  12546348
 985  16923564
 986  16440714
 987  20229089
 988  21206327
 989  23292621
 990  16481867
 991  10080641
 992   9671646
 993   6589160
 994  18068321
 995  19885739
 996  21063573
 997  17220991
 998  15356086
 999  16544211
1000  14877797
1001  10501887
1002  11978694
1003  12769884
1004  13990495
1005   9461485
1006  14784258
1007  20678460
1008  17503414
1009  12308213
1010   9294206
1011  13714618
1012  10262843
1013  13820951
1014  14487551
1015  16747214
1016  17670173
1017  17640601
1018  10394735
1019   9409336
1020  18105935
1021  18124999
1022  15094283
1023  12836840
1024  18894851
1025  18162618
1026  14221888
1027  13669327
1028  12399862
1029  13100963
1030  17374256
1031  15105586
1032  13407319
1033  15635576
1034  19154861
1035  12506314
1036  11825692
1037  14953658
1038  11931908
1039  12699595
1040  11391158
1041  11175312
1042  14353845
1043  10460812
1044  14073595
1045  15518514
1046  13538687
1047  18058858
1048  14644674
1049  12993821
1050  15669499
1051  16674473
1052  16422729
1053  14840857
1054  17767180
1055  10111888
1056  15172421
1057  15862496
1058  15871943
1059  12018201
1060  13666835
1061  12897314
1062  13533262
1063  18466066
1064  19341366
1065  19624458
1066  11546582
1067   8830444
1068   8822977
1069  15462789
1070  13529410
1071  11505838
1072  11759955
1073  13982372
1074  13804826
1075  13496526
1076  14974205
1077  17855211
1078  17233997
1079  18602513
1080  19733386
1081  15381384
1082  17842463
1083  17090497
1084  19773386
1085  12375599
1086  11639526
1087  21748387
1088  18772575
1089  12179030
1090   6672708
1091  14991728
1092  14156860
1093  14625812
1094  13172326
1095  15571227
1096  17213059
1097  12530193
1098  11045975
1099  14272185
1100  13242872
1101  13674020
1102  19402738
1103  18241411
1104  12596279
1105  12877861
1106  13866734
1107  14982699
1108  12612249
1109  13986848
1110  17284941
1111  14691908
1112  16380601
1113  16754696
1114  14626886
1115  22026363
1116  22727608
1117  24194926
1118  15198467
1119  17343542
1120  16072275
1121  11264540
1122  12132127
1123  12700462
1124  11704944
1125  10741073
1126   9748065
1127  15502448
1128  18582919
1129  18488251
1130  10655159
1131   9560845
1132  11699048
1133  16547682
1134  13819333
1135  14061348
1136  14713897
1137  15876296
1138  10787179
1139  12415081
1140  10782048
1141  13924803
1142  15796580
1143  14715540
1144  14228629
1145  14787494
1146  12970200
1147   9130803
1148  10263057
1149  11234640
1150   9613057
1151  11999159
1152  12470889
1153  12441106
1154  11034330
1155  14015581
1156  15140250
1157  12013171
1158  12102465
1159  16233576
1160  17013375
1161  13811087
1162  14243387
1163  17937813
1164  15126045
1165  11532680
1166  10496804
1167  12916221
1168  12729042
1169  12932490
1170  14396775
1171  13026405
1172  13989363
1173  15147193
1174  13701515
1175  11931295
1176  12339335
1177  13202284
1178  16470525
1179  18120208
1180  23352142
1181  22444036
1182  16095914
1183  16217934
1184  22142071
1185  15212123
1186  12764073
1187  15025322
1188  17250481
1189  15507349
1190  17166975
1191  15726693
1192  21008069
1193  15587930
1194  13405580
1195  15460298
1196  16843900
1197  18172433
1198  12038821
1199  12664712
1200  11301394
1201  13350069
1202  12779189
1203  18440661
1204  19021471
1205  15384703
1206  14811230
1207  13751179
1208  15076857
1209  19962063
1210  16839580
1211  18794046
1212  13885555
1213  16536407
1214  16130220
1215  15254344
1216  11740947
1217   7000037
1218  12871699
1219  20039779
1220  16759843
1221  15538876
1222  14943771
1223  13772519
1224  13559834
1225  14872257
1226  19494561
1227  12011803
1228  17852915
1229  17238225
1230  13058864
1231  18376027
1232  14708419
1233  11073295
1234   9433699
1235  15383438
1236  10020008
1237  14067793
1238  19047136
1239  15777383
1240  15027009
1241  19904511
1242  19389281
1243  14312132
1244  14332911
1245   9081832
1246  12587038
1247  12643045
1248  17974812
1249  18093009
1250  13083625
1251   6284489
1252  13662566
1253  13194745
1254   9161193
1255  15770874
1256  18640025
1257  15196234
1258   4324184
1259  18007627
1260  19595446
1261  16181219
1262  11904021
1263  11496655
1264  11213891
1265  14969902
1266  14314209
1267  17371044
1268  18899130
1269  19303041
1270  12311057
1271  17306809
1272  18288359
1273  11820681
1274   6997822
1275  18537742
1276  13562667
1277  12792102
1278  14114524
1279   9127828
1280   4674667
1281  13535975
1282  15557946
1283  10284756
1284  17321044
1285  11364232
1286   9205187
1287  15866410
1288  12166108
1289  14345620
1290  21145894
1291  14096805
1292  12676237
1293  13151418
1294  12126403
1295   9511687
1296  15547878
1297  13563354
1298  20444526
1299  15839933
1300  13552663
1301  18326013
1302  18742542
1303  17788972
1304  15050913
1305  16296579
1306  12378133
1307   3712901
1308  13266817
1309  21127571
1310  21618098
1311  14386468
1312  17658884
1313  20407377
1314  17005754
1315  14328518
1316   5102211
1317   8799648
1318  14004764
1319  16582590
1320  18194366
1321  17209391
1322  11836432
1323   7793270
1324  14598327
1325  21591004
1326  23865802
1327  16579578
1328  11207847
1329   9575798
1330  22225789
1331  20987808
1332  20202701
1333  21775496
1334  15405540
1335  12418460
1336  12680033
1337  17215804
1338  12876360
1339  14950363
1340  12365834
1341  14358691
1342  16120451
1343  14603560
1344  17987232
1345  15635854
1346  14186763
1347  13950740
1348  13113031
1349  12248106
1350   7970750
1351  15211748
1352  15523565
1353  21207658
1354  18823109
1355  12882860
1356  19800030
1357  21604115
1358  17592360
1359  13056011
1360   7318534
1361  10156193
1362  10851175
1363  13886320
1364  12324604
1365  16495946
1366  18607275
1367  17815591
1368  19540706
1369  15433793
1370  17101200
1371  18014438
1372  18194576
1373  16429353
1374  15543774
1375  10498553
1376  10884553
1377  17768988
1378  17871956
1379  13840694
1380  18134522
1381  13492932
1382  16829761
1383  19662202
1384  17265645
1385  16153308
1386  15097215
1387  16541885
1388  13663852
1389   7427148
1390  11406848
1391  13912521
1392  13237576
1393  14916081
1394  16879922
1395  16513194
1396  16131018
1397   9878540
1398  11453117
1399   8224677
1400  12879594
1401  17480152
1402  12147877
1403  13939979
1404  17626178
1405  13852027
1406  15457714
1407  14365637
1408  16534711
1409  20376154
1410  14908050
1411  12296524
1412  17343862
1413  10828995
1414  19787402
1415  10096401
1416  10031229
1417  13297674
1418  13882106
1419  13948958
1420  14891320
1421  11443167
1422  15835044
1423  13964155
1424  13325686
1425  11082957
1426  17540002
1427  15340520
1428  14441535
1429  16564995
1430  17615716
1431  18976166
1432  16942650
1433  14532326
1434  15845391
1435  15131373
1436  16307562
1437  13467976
1438  10794470
1439  10550095
1440  18047489
1441  20185319
1442  10059045
1443  14425095
1444  13009182
1445   9959633
1446  11423783
1447  16162945
1448  14371959
1449  14508034
1450   9411372
1451  18128897
1452  16923112
1453  14302778
1454   9356632
1455   7072318
1456  12251861
1457  14982642
1458  16578918
1459  13544539
1460   7503510
1461  10308124
1462  19448273
1463  17612606
1464  13449700
1465   9215321
1466  17480483
1467  21433236
1468  18229745
1469  15152509
1470  14233471
1471   9887768
1472   9722365
1473  11766665
1474  13636421
1475  11738936
1476  17789630
1477  18911340
1478  16938101
1479  13141894
1480  11076401
1481  14397519
1482  18072585
1483  16337517
1484  23474994
1485  19215991
1486  17466079
1487  15128190
1488  15265868
1489  19157418
1490  19985431
1491  20594059
1492  14641397
1493  13439659
1494  17072805
1495   7603949
1496   5916445
1497  14971029
1498  19296230
1499   9879429
1500   6606660
1501  11685536
1502  15732297
1503  14836480
1504  15214217
1505   9422774
1506   6278161
1507  12858541
1508  16830423
1509  18751510
1510  11740251
1511  15912264
1512  16032679
1513  16094805
1514  19109696
1515  11754489
1516  10435022
1517  15071168
1518  13227347
1519  16054656
1520  15001701
1521  19936479
1522  12386280
1523  18078110
1524  16390922
1525  15102833
1526  18238444
1527  17532499
1528  13177312
1529  15171035
1530  15375853
1531   7981140
1532   5770816
1533  15835009
1534  17140512
1535  17318324
1536  19772326
1537  17231643
1538  10849382
1539  15297488
1540  18280541
1541  16094878
1542   5943902
1543  13651732
1544  11417908
1545  10884303
1546  16986742
1547  16608440
1548  17097490
1549  20321540
1550  18140838
1551  12344133
1552  15010693
1553  21118609
1554  14865623
1555  14600919
1556  16014145
1557  18686037
1558   9366400
1559  12471945
1560  17519942
1561  13611055
1562  10860170
1563  14161188
1564  18925366
1565  17461973
1566  12329556
1567  12587999
1568  14369337
1569  14448698
1570  17670864
1571  14857286
1572  15810191
1573  11196090
1574   9018733
1575  15157797
1576  13425936
1577  17434913
1578  16929319
1579  12196115
1580   6545386
1581  12459877
1582  15394834
1583  11528963
1584   5065861
1585  11162872
1586  16804806
1587  14052118
1588  16570708
1589  15901033
1590   8230022
1591   9354717
1592  10742741
1593  14645499
1594  17600884
1595  18046022
1596  18496086
1597  13192564
1598   6928084
1599  16719725
1600   8960227
1601  16263698
1602  16788943
1603  17378911
1604  20769598
1605  20357729
1606  17928935
1607   8618502
1608  16334922
1609  17231604
1610  20450994
1611  17767330
1612  13558944
1613  17831145
1614  18962714
1615  18973181
1616  17390572
1617  19238230
1618  18335574
1619  15764215
1620  16280395
1621  19228895
1622  12852050
1623  11383467
1624  10010793
1625   8559332
1626  10719155
1627  16419855
1628  17162425
1629  13422717
1630  13206160
1631   9950750
1632  10364626
1633  17560535
1634  14876760
1635  13905808
1636  13463969
1637  12850771
1638  13025056
1639  17245707
1640  17344244
1641  15639305
1642  16139706
1643  15732442
1644  14368511
1645  10656822
1646  11825314
1647  16727114
1648  13309322
1649  20808580
1650  19372009
1651  18243928
1652  14110301
1653   9955852
1654   5697057
1655  20749456
1656  15759561
1657  15674917
1658  12454468
1659  14148090
1660  15539915
1661  13961918
1662  14684597
1663  12940337
1664   9505687
1665  14795378
1666  11303027
1667   9813918
1668  11291979
1669  17499695
1670  10785486
1671   9022441
1672  17212381
1673  17909282
1674  18177502
1675  13836780
1676  16956507
1677  16501330
1678  22006178
1679  16245453
1680  19617118
1681  17762032
1682  14269412
1683  19093399
1684  10689075
1685   2322177
1686   9842311
1687  15622717
1688  17358260
1689  16348071
1690  16804401
1691  17441394
1692  13839010
1693  16676798
1694  13117077
1695  13347773
1696  14512797
1697  16420690
1698  18564498
1699  16346622
1700  13426001
1701  18306871
1702  17601431
1703  13488958
1704   9756015
1705  15154305
1706  11021615
1707  10844602
1708  11701556
1709  16118452
1710  16434633
1711  15857383
1712  16981628
1713  13149720
1714   8616161
1715  16761784
1716  15157404
1717  14038381
1718  16007992
1719  19531052
1720  23128312
1721  12390175
1722   6949958
1723  13304340
1724  16426371
1725  20992798
1726  23447554
1727  17418148
1728  10789022
1729   7214078
1730  12825200
1731  15044130
1732  14820605
1733  16069785
1734  19152893
1735   7886935
1736   7848322
1737  12612781
1738  19027369
1739  17020702
1740  10444545
1741  16647748
1742  17414794
1743  18598879
1744  13134391
1745  16205589
1746  20558223
1747  21190904
1748   8583517
1749  17431930
1750  12591948
1751  14025177
1752  12163455
1753  17390820
1754  15389495
1755  12521122
1756   8647480
1757  10506417
1758  14485832
1759  11710169
1760  18094832
1761  17842243
1762  18685303
1763  11133611
1764  16417513
1765  10443268
1766  14946122
1767  10951235
1768  20608650
1769  18784798
1770  14266815
1771  17742347
1772  11955456
1773   6337543
1774  12380829
1775  16047726
1776  13272704
1777   9760678
1778  11321330
1779  14354074
1780  12416602
1781  13213168
1782  11553847
1783  16535333
1784  19075777
1785  18081922
1786  10852814
1787  16328004
1788  13106051
1789   9856187
1790  18835738
1791  19580717
1792  19701256
1793  14344111
1794  13950021
1795  12960876
1796  15729694
1797  19171080
1798   7495455
1799  16000551
1800  16022144
1801  13799737
1802  17069178
1803  12347164
1804  10645306
1805  12229383
1806  11861776
1807  15258134
1808  14394148
1809  12683184
1810  13987168
1811  18994730
1812  17167571
1813   9346367
1814  11007162
1815  17256874
1816  20882477
1817  18290415
1818  12893176
1819  12073770
1820  11327178
1821  15663558
1822  12152479
1823  13057854
1824   9014545
1825  13049505
1826  18466343
1827  15930088
1828  18933166
1829  10210995
1830  11887808
1831  16939086
1832  18813144
1833  15968011
1834  11157432
1835  14831420
1836  16998303
1837  22500632
1838  20963412
1839  19492304
1840  20078673
1841  19445809
1842  12025429
1843  18964927
1844  14690949
1845   4805152
1846   8708407
1847   8544461
1848  17180791
1849  23350628
1850  18357277
1851   4031730
1852  16437781
1853  20111748
1854  14851441
1855   9668239
1856  16949423
1857  13601649
1858  17609040
1859  15055322
1860  15549238
1861   7478484
1862  20187522
1863  14577500
1864  12329809
1865  16550562
1866  22524595
1867  23422661
1868  18438311
1869  15944738
1870  12798464
1871   8557330
1872  16384725
1873  14822054
1874  11662991
1875  13151150
1876  15123750
1877  13109625
1878  12710653
1879   7795158
1880  13613252
1881  12333486
1882  10013855
1883  11667556
1884  17931370
1885  17835907
1886  14151383
1887   9181242
1888  13942728
1889  12788786
1890  15429342
1891  16085331
1892  15143183
1893  11154406
1894  12309645
1895  16062292
1896   9048322
1897  17142532
1898  15890999
1899  11767275
1900  11559656
1901  10990975
1902   6227271
1903  15239210
1904  12582518
1905  16876783
1906  18012581
1907  17494095
1908  12901150
1909  17868753
1910  16220557
1911  16282859
1912  18708881
1913  13677831
1914  18910887
1915  16244239
1916  18269154
1917  21707407
1918  14060764
1919  13512373
1920  19668726
1921  21959351
1922  16390119
1923  16350332
1924  15865022
1925  11327000
1926  17308622
1927  17739553
1928  17709683
1929  15778167
1930  15088462
1931  12956812
1932  17135345
1933  13582902
1934   7219251
1935  13929788
1936  12676016
1937  15437266
1938  18276820
1939  15290333
1940  13698362
1941  19554721
1942  20817271
1943  14970744
1944  13124177
1945  10827207
1946   9284562
1947  15896430
1948  17074094
1949  18496606
1950  12283675
1951  10213593
1952  17828356
1953  12604875
1954   6965792
1955  15611382
1956  12613718
1957  18288849
1958  16877171
1959   8023650
1960  13374495
1961  11291329
1962  17032106
1963  11257214
1964  12953635
1965  18846014
1966  14933402
1967  12805002
1968  12932949
1969  16562413
1970  16201561
1971  12450491
1972  11799624
1973  20315636
1974  16062776
1975  15668027
1976  10330838
1977   3603193
1978  17676531
1979  19867787
1980  16035166
1981   9862471
1982  17722469
1983  23454564
1984  21325443
1985  21628180
1986  21814109
1987  17002147
1988  12733193
1989  12544807
1990   8691323
1991  15336002
1992  15285129
1993  18886069
1994  11624175
1995  17344231
1996  15530905
1997  16228977
1998  17375457
1999  15413953
2000  10681849
2001  10219732
2002   4464679
2003  14581652
2004  14405387
2005  16690946