573 167 1066 257 211 140 808 193 401 353 246 281 244 139 158 219 245 202 205 358 212 281 281 210 204 288 281 1689 246 352 219 343 521 144 281
552 163 1051 289 207 163 795 177 422 296 248 283 156 169 151 175 231 199 205 361 212 273 273 177 208 308 273 1493 195 339 220 334 509 176 273
548 165 1115 303 204 168 864 382 417 323 252 283 150 162 169 154 226 201 189 323 197 283 283 180 208 306 283 1507 193 360 250 321 580 138 283
541 165 1050 274 198 160 816 400 407 314 242 260 151 164 181 152 235 187 179 326 200 277 277 173 214 257 277 1325 189 324 237 310 643 133 277
496 173 1052 273 189 164 807 105 396 303 224 258 151 150 146 158 210 186 183 311 188 259 259 172 215 249 259 1297 193 304 247 299 626 148 259
473 161 950 229 177 129 798 81 372 272 202 255 148 134 148 161 196 181 136 289 174 238 238 166 181 218 238 1469 194 309 251 244 473 136 238
570 183 960 245 189 165 874 137 368 306 220 261 197 139 155 166 191 186 160 308 193 265 265 189 190 220 265 1403 204 333 284 274 627 153 265
529 202 1135 396 188 162 881 124 401 284 239 244 212 148 146 162 193 181 192 325 190 271 271 179 191 240 271 1398 208 332 300 283 580 158 271
515 182 1170 393 186 151 876 102 420 317 195 230 180 138 154 155 185 163 189 298 162 256 256 175 168 215 256 1361 187 323 292 235 503 149 256
538 174 1208 296 197 132 888 97 428 289 186 230 164 135 154 151 154 171 185 292 170 249 249 153 163 239 249 1487 175 318 308 227 466 147 249
652 186 1044 238 210 150 904 176 362 322 225 245 143 139 137 124 224 181 199 252 154 261 261 186 194 201 261 1533 189 350 277 275 547 140 261
