0   0   0   0   0   19610   0   0   0   0   133912   0   0   0   0   0   54751    149676   0   0   212762   0   0   46765    719526   0   0   0   0   54738   0   151568   5022   0   0
0   0   0   0   0   21795   0   0   0   0   138816   0   0   0   0   0   59312    150594   0   0   215601   0   0   48813    728326   0   0   0   0   55292   0   152350   5193   0   0
0   0   0   0   0   23955   0   0   0   0   143528   0   0   0   0   0   63801    151289   0   0   218127   0   0   50796    736075   0   0   0   0   55765   0   152925   5357   0   0
0   0   0   0   0   26072   0   0   0   0   147973   0   0   0   0   0   68176    151690   0   0   220235   0   0   52682    742372   0   0   0   0   56131   0   153177   5511   0   0
0   0   0   0   0   28335   0   0   0   0   153190   0   0   0   0   0   72925    152817   0   0   223431   0   0   54835    752210   0   0   0   0   56776   0   154052   5693   0   0
0   0   0   0   0   30881   0   0   0   0   159835   0   0   0   0   0   78387    155320   0   0   228655   0   0   57507    768900   0   0   0   0   57934   0   156333   5929   0   0
0   0   0   0   0   33305   0   0   0   0   165714   0   0   0   0   0   83517    157006   0   0   232702   0   0   59913    781657   0   0   0   0   58788   0   157825   6136   0   0
0   0   0   0   0   35417   0   0   0   0   170003   0   0   0   0   0   87858    157175   0   0   234500   0   0   61748    786896   0   0   0   0   59073   0   157833   6284   0   0
0   0   0   0   0   37429   0   0   0   0   173835   0   0   0   0   0   91954    156934   0   0   235682   0   0   63415    790057   0   0   0   0   59203   0   157416   6415   0   0
0   0   0   0   0   39152   0   0   0   0   176429   0   0   0   0   0   95357    155644   0   0   235261   0   0   64625    787860   0   0   0   0   58934   0   155957   6501   0   0
0   0   0   0   0   41061   0   0   0   0   182776   0   0   0   0   0   99417    155788   0   0   239490   0   0   66659    794886   0   0   0   0   61569   0   155806   6700   0   0
0   0   0   0   0   41819   0   0   0   0   184722   0   0   0   0   0   100356   157603   0   0   242303   0   0   68382    804944   0   0   0   0   62872   0   157212   6700   0   0
0   0   0   0   0   42664   0   0   0   0   186631   0   0   0   0   0   101218   159647   0   0   245004   0   0   69988    815125   0   0   0   0   64108   0   158771   6700   0   0
0   0   0   0   0   43591   0   0   0   0   188502   0   0   0   0   0   102007   161898   0   0   247597   0   0   71483    825434   0   0   0   0   65280   0   160468   6700   0   0
0   0   0   0   0   44594   0   0   0   0   190334   0   0   0   0   0   102727   164336   0   0   250084   0   0   72872    835871   0   0   0   0   66390   0   162286   6700   0   0
0   0   0   0   0   45665   0   0   0   0   192127   0   0   0   0   0   103381   166940   0   0   252467   0   0   74157    846439   0   0   0   0   67438   0   164210   6729   0   0
0   0   0   0   0   46800   0   0   0   0   193879   0   0   0   0   0   103973   169689   0   0   254749   0   0   75344    857141   0   0   0   0   68427   0   166223   6781   0   0
0   0   0   0   0   47991   0   0   0   0   195589   0   0   0   0   0   104506   172562   0   0   256933   0   0   76438    867977   0   0   0   0   69360   0   168310   6846   0   0
0   0   0   0   0   49232   0   0   0   0   197258   0   0   0   0   0   104984   175538   0   0   259021   0   0   77441    878951   0   0   0   0   70236   0   170453   6922   0   0
0   0   0   0   0   50518   0   0   0   0   198884   0   0   0   0   0   105411   178597   0   0   261016   0   0   78359    890064   0   0   0   0   71060   0   172639   7008   0   0
0   0   0   0   0   51841   0   0   0   0   200466   0   0   0   0   0   105791   181717   0   0   262920   0   0   79195    901319   0   0   0   0   71831   0   174849   7104   0   0
0   0   0   0   0   53195   0   0   0   0   202004   0   0   0   0   0   106126   184878   0   0   264737   0   0   79955    912717   0   0   0   0   72553   0   177068   7208   0   0
0   0   0   0   0   54575   0   0   0   0   203496   0   0   0   0   0   106422   188059   0   0   266468   0   0   80642    924262   0   0   0   0   73226   0   179281   7319   0   0
0   0   0   0   0   55973   0   0   0   0   204943   0   0   0   0   0   106680   191238   0   0   268116   0   0   81261    935954   0   0   0   0   73854   0   181471   7435   0   0
0   0   0   0   0   57384   0   0   0   0   206342   0   0   0   0   0   106906   194395   0   0   269684   0   0   81816    947797   0   0   0   0   74437   0   183622   7557   0   0
0   0   0   0   0   58801   0   0   0   0   207694   0   0   0   0   0   107102   197509   0   0   271175   0   0   82312    959792   0   0   0   0   74977   0   185718   7682   0   0
0   0   0   0   0   60218   0   0   0   0   208997   0   0   0   0   0   107272   200559   0   0   272591   0   0   82752    971942   0   0   0   0   75477   0   187743   7809   0   0
0   0   0   0   0   61628   0   0   0   0   210250   0   0   0   0   0   107421   203524   0   0   273935   0   0   83141    984248   0   0   0   0   75938   0   189681   7937   0   0
0   0   0   0   0   63026   0   0   0   0   211454   0   0   0   0   0   107550   206384   0   0   275209   0   0   83483    996713   0   0   0   0   76361   0   191516   8066   0   0
0   0   0   0   0   64405   0   0   0   0   212607   0   0   0   0   0   107665   209117   0   0   276415   0   0   83783   1009338   0   0   0   0   76750   0   193232   8193   0   0
0   0   0   0   0   65759   0   0   0   0   213708   0   0   0   0   0   107769   211702   0   0   277558   0   0   84044   1022127   0   0   0   0   77105   0   194813   8319   0   0
0   0   0   0   0   67081   0   0   0   0   214756   0   0   0   0   0   107865   214119   0   0   278638   0   0   84272   1035081   0   0   0   0   77428   0   196243   8441   0   0
0   0   0   0   0   68365   0   0   0   0   215751   0   0   0   0   0   107958   216347   0   0   279659   0   0   84471   1048202   0   0   0   0   77722   0   197505   8558   0   0
0   0   0   0   0   69605   0   0   0   0   216691   0   0   0   0   0   108050   218365   0   0   280624   0   0   84644   1061493   0   0   0   0   77988   0   198584   8670   0   0
0   0   0   0   0   70795   0   0   0   0   217577   0   0   0   0   0   108145   220151   0   0   281534   0   0   84796   1074956   0   0   0   0   78228   0   199464   8775   0   0
0   0   0   0   0   71928   0   0   0   0   218407   0   0   0   0   0   108247   221685   0   0   282393   0   0   84932   1088592   0   0   0   0   78444   0   200128   8872   0   0
0   0   0   0   0   72998   0   0   0   0   219180   0   0   0   0   0   108360   222947   0   0   283203   0   0   85055   1102404   0   0   0   0   78637   0   200562   8961   0   0
0   0   0   0   0   73998   0   0   0   0   219896   0   0   0   0   0   108487   223914   0   0   283967   0   0   85171   1116394   0   0   0   0   78810   0   200747   9038   0   0
0   0   0   0   0   74923   0   0   0   0   220554   0   0   0   0   0   108633   224567   0   0   284687   0   0   85282   1130564   0   0   0   0   78964   0   200747   9105   0   0
0   0   0   0   0   75766   0   0   0   0   221152   0   0   0   0   0   108799   224885   0   0   285366   0   0   85395   1144917   0   0   0   0   79101   0   200747   9159   0   0
0   0   0   0   0   76521   0   0   0   0   221691   0   0   0   0   0   108991   224885   0   0   286007   0   0   85512   1159454   0   0   0   0   79223   0   200747   9200   0   0
0   0   0   0   0   77277   0   0   0   0   222216   0   0   0   0   0   109174   224885   0   0   286627   0   0   85624   1174176   0   0   0   0   79340   0   200747   9240   0   0
0   0   0   0   0   78034   0   0   0   0   222728   0   0   0   0   0   109347   224886   0   0   287228   0   0   85731   1189084   0   0   0   0   79453   0   200748   9280   0   0
0   0   0   0   0   78792   0   0   0   0   223226   0   0   0   0   0   109512   224887   0   0   287810   0   0   85832   1204182   0   0   0   0   79561   0   200748   9320   0   0
0   0   0   0   0   79550   0   0   0   0   223712   0   0   0   0   0   109668   224889   0   0   288374   0   0   85929   1219472   0   0   0   0   79665   0   200749   9361   0   0
0   0   0   0   0   80310   0   0   0   0   224185   0   0   0   0   0   109817   224891   0   0   288920   0   0   86022   1234955   0   0   0   0   79765   0   200750   9401   0   0
0   0   0   0   0   81071   0   0   0   0   224645   0   0   0   0   0   109959   224895   0   0   289448   0   0   86110   1250636   0   0   0   0   79861   0   200751   9440   0   0
0   0   0   0   0   81833   0   0   0   0   225094   0   0   0   0   0   110093   224899   0   0   289960   0   0   86193   1266515   0   0   0   0   79953   0   200753   9480   0   0
0   0   0   0   0   82595   0   0   0   0   225532   0   0   0   0   0   110221   224905   0   0   290456   0   0   86274   1282596   0   0   0   0   80041   0   200756   9520   0   0
0   0   0   0   0   83359   0   0   0   0   225958   0   0   0   0   0   110342   224912   0   0   290937   0   0   86350   1298881   0   0   0   0   80126   0   200759   9560   0   0
0   0   0   0   0   84124   0   0   0   0   226372   0   0   0   0   0   110458   224920   0   0   291402   0   0   86423   1315373   0   0   0   0   80208   0   200763   9599   0   0
0   0   0   0   0   84890   0   0   0   0   226776   0   0   0   0   0   110567   224930   0   0   291853   0   0   86492   1332075   0   0   0   0   80287   0   200768   9639   0   0
0   0   0   0   0   85656   0   0   0   0   227170   0   0   0   0   0   110672   224941   0   0   292289   0   0   86558   1348988   0   0   0   0   80362   0   200773   9678   0   0
0   0   0   0   0   86424   0   0   0   0   227553   0   0   0   0   0   110771   224955   0   0   292712   0   0   86621   1366116   0   0   0   0   80434   0   200780   9717   0   0
0   0   0   0   0   87193   0   0   0   0   227926   0   0   0   0   0   110865   224970   0   0   293121   0   0   86681   1383462   0   0   0   0   80504   0   200787   9756   0   0
0   0   0   0   0   87963   0   0   0   0   228290   0   0   0   0   0   110954   224987   0   0   293517   0   0   86738   1401028   0   0   0   0   80571   0   200795   9795   0   0
0   0   0   0   0   88734   0   0   0   0   228644   0   0   0   0   0   111039   225007   0   0   293901   0   0   86793   1418817   0   0   0   0   80635   0   200804   9834   0   0
0   0   0   0   0   89507   0   0   0   0   228988   0   0   0   0   0   111120   225028   0   0   294273   0   0   86845   1436832   0   0   0   0   80697   0   200815   9873   0   0
0   0   0   0   0   90280   0   0   0   0   229324   0   0   0   0   0   111197   225052   0   0   294633   0   0   86894   1455075   0   0   0   0   80756   0   200826   9912   0   0
0   0   0   0   0   91054   0   0   0   0   229651   0   0   0   0   0   111270   225079   0   0   294982   0   0   86942   1473550   0   0   0   0   80813   0   200838   9951   0   0
0   0   0   0   0   91830   0   0   0   0   229969   0   0   0   0   0   111339   225107   0   0   295320   0   0   86987   1492260   0   0   0   0   80868   0   200852   9989   0   0
0   0   0   0   0   92607   0   0   0   0   230279   0   0   0   0   0   111405   225138   0   0   295647   0   0   87030   1511207   0   0   0   0   80921   0   200867   10028  0   0
0   0   0   0   0   93385   0   0   0   0   230580   0   0   0   0   0   111468   225172   0   0   295964   0   0   87071   1530395   0   0   0   0   80971   0   200883   10066  0   0
0   0   0   0   0   94164   0   0   0   0   230874   0   0   0   0   0   111527   225209   0   0   296271   0   0   87110   1549827   0   0   0   0   81020   0   200900   10104  0   0
0   0   0   0   0   94945   0   0   0   0   231160   0   0   0   0   0   111584   225248   0   0   296568   0   0   87147   1569505   0   0   0   0   81066   0   200918   10143  0   0
0   0   0   0   0   95726   0   0   0   0   231438   0   0   0   0   0   111638   225290   0   0   296856   0   0   87182   1589433   0   0   0   0   81111   0   200938   10181  0   0
0   0   0   0   0   96509   0   0   0   0   231709   0   0   0   0   0   111689   225334   0   0   297135   0   0   87216   1609614   0   0   0   0   81154   0   200959   10219  0   0
0   0   0   0   0   97294   0   0   0   0   231973   0   0   0   0   0   111737   225382   0   0   297405   0   0   87248   1630052   0   0   0   0   81195   0   200982   10257  0   0
0   0   0   0   0   98079   0   0   0   0   232230   0   0   0   0   0   111784   225433   0   0   297667   0   0   87279   1650749   0   0   0   0   81235   0   201005   10294  0   0
0   0   0   0   0   98866   0   0   0   0   232480   0   0   0   0   0   111828   225486   0   0   297920   0   0   87308   1671708   0   0   0   0   81273   0   201031   10332  0   0
0   0   0   0   0   99655   0   0   0   0   232723   0   0   0   0   0   111869   225543   0   0   298166   0   0   87336   1692934   0   0   0   0   81310   0   201057   10370  0   0
0   0   0   0   0   100445  0   0   0   0   232960   0   0   0   0   0   111909   225603   0   0   298403   0   0   87363   1714429   0   0   0   0   81345   0   201085   10408  0   0
0   0   0   0   0   101236  0   0   0   0   233191   0   0   0   0   0   111947   225666   0   0   298633   0   0   87388   1736198   0   0   0   0   81379   0   201114   10445  0   0
0   0   0   0   0   102029  0   0   0   0   233416   0   0   0   0   0   111982   225732   0   0   298856   0   0   87413   1758242   0   0   0   0   81412   0   201145   10482  0   0
0   0   0   0   0   102823  0   0   0   0   233634   0   0   0   0   0   112016   225801   0   0   299072   0   0   87436   1780567   0   0   0   0   81443   0   201177   10520  0   0
0   0   0   0   0   103618  0   0   0   0   233847   0   0   0   0   0   112049   225873   0   0   299281   0   0   87458   1803175   0   0   0   0   81473   0   201211   10557  0   0
0   0   0   0   0   104416  0   0   0   0   234054   0   0   0   0   0   112079   225949   0   0   299484   0   0   87479   1826070   0   0   0   0   81502   0   201246   10594  0   0
0   0   0   0   0   105214  0   0   0   0   234256   0   0   0   0   0   112109   226028   0   0   299680   0   0   87499   1849255   0   0   0   0   81529   0   201283   10631  0   0
0   0   0   0   0   106015  0   0   0   0   234452   0   0   0   0   0   112136   226111   0   0   299870   0   0   87518   1872736   0   0   0   0   81556   0   201321   10668  0   0
0   0   0   0   0   106817  0   0   0   0   234643   0   0   0   0   0   112163   226196   0   0   300054   0   0   87536   1896514   0   0   0   0   81581   0   201360   10705  0   0
0   0   0   0   0   107620  0   0   0   0   234829   0   0   0   0   0   112188   226286   0   0   300232   0   0   87553   1920594   0   0   0   0   81606   0   201401   10742  0   0
0   0   0   0   0   108425  0   0   0   0   235010   0   0   0   0   0   112212   226378   0   0   300404   0   0   87570   1944980   0   0   0   0   81630   0   201444   10778  0   0
0   0   0   0   0   109232  0   0   0   0   235186   0   0   0   0   0   112234   226474   0   0   300571   0   0   87585   1969675   0   0   0   0   81652   0   201488   10815  0   0
0   0   0   0   0   110041  0   0   0   0   235358   0   0   0   0   0   112256   226574   0   0   300733   0   0   87600   1994685   0   0   0   0   81674   0   201534   10852  0   0
0   0   0   0   0   110852  0   0   0   0   235525   0   0   0   0   0   112276   226676   0   0   300890   0   0   87615   2020011   0   0   0   0   81695   0   201581   10888  0   0
0   0   0   0   0   110852  0   0   0   0   235525   0   0   0   0   0   112276   226676   0   0   300890   0   0   87615   2020011   0   0   0   0   81695   0   201581   10888  0   0
0   0   0   0   0   110852  0   0   0   0   235525   0   0   0   0   0   112276   226676   0   0   300890   0   0   87615   2020011   0   0   0   0   81695   0   201581   10888  0   0