   0     0     0     0     0 19665    0     0    0    0  167616     0     0    0     0     0  90041 139549     0     0 251452       0      0  31492  747363     0    0    0    0  53621    0 148536  5438    0    0
   0     0     0     0     0 20295    0     0    0    0  169865     0     0    0     0     0  92796 141775     0     0 254085       0      0  32674  760683     0    0    0    0  54204    0 150018  5611    0    0
   0     0     0     0     0 21007    0     0    0    0  172784     0     0    0     0     0  95479 144085     0     0 256919       0      0  33979  774992     0    0    0    0  54848    0 151600  5807    0    0
   0     0     0     0     0 21787    0     0    0    0  176231     0     0    0     0     0  98055 146468     0     0 259803       0      0  35390  790169     0    0    0    0  55539    0 153235  6021    0    0
   0     0     0     0     0 22624    0     0    0    0  180042     0     0    0     0     0 100540 148912     0     0 262822       0      0  36892  805961     0    0    0    0  56264    0 154910  6250    0    0
   0     0     0     0     0 23504    0     0    0    0  184037     0     0    0     0     0 102870 151408     0     0 265776       0      0  38472  822117     0    0    0    0  57011    0 156611  6491    0    0
   0     0     0     0     0 24413    0     0    0    0  188131     0     0    0     0     0 105050 153943     0     0 268755       0      0  40113  838391     0    0    0    0  57766    0 158294  6740    0    0
   0     0     0     0     0 25340    0     0    0    0  192126     0     0    0     0     0 107077 156509     0     0 271655       0      0  41802  854538     0    0    0    0  58516    0 159947  6994    0    0
   0     0     0     0     0 26270    0     0    0    0  195876     0     0    0     0     0 108910 159093     0     0 274424       0      0  43522  870316     0    0    0    0  59250    0 161541  7248    0    0
   0     0     0     0     0 27192    0     0    0    0  199284     0     0    0     0     0 110553 161686     0     0 277009       0      0  45260  885812     0    0    0    0  59954    0 163066  7501    0    0
   0     0     0     0     0 28092    0     0    0    0  202187     0     0    0     0     0 112017 164275     0     0 279411       0      0  47000  900481     0    0    0    0  60615    0 164479  7748    0    0
   0     0     0     0     0 28959    0     0    0    0  204480     0     0    0     0     0 113312 166848     0     0 281589       0      0  48730  914307     0    0    0    0  61224    0 165773  7986    0    0
   0     0     0     0     0 29794    0     0    0    0  206250     0     0    0     0     0 114387 169381     0     0 283490       0      0  50450  927459     0    0    0    0  61784    0 166969  8215    0    0
   0     0     0     0     0 30597    0     0    0    0  207515     0     0    0     0     0 115260 171847     0     0 285172       0      0  52164  939810     0    0    0    0  62305    0 168052  8433    0    0
   0     0     0     0     0 31371    0     0    0    0  208367     0     0    0     0     0 115915 174218     0     0 286699       0      0  53875  951580     0    0    0    0  62792    0 169045  8642    0    0
   0     0     0     0     0 32118    0     0    0    0  208900     0     0    0     0     0 116370 176469     0     0 288024       0      0  55585  962815     0    0    0    0  63255    0 169953  8839    0    0
   0     0     0     0     0 32840    0     0    0    0  209150     0     0    0     0     0 116625 178571     0     0 289210       0      0  57297  973379     0    0    0    0  63700    0 170802  9025    0    0
   0     0     0     0     0 33537    0     0    0    0  209234     0     0    0     0     0 116687 180500     0     0 290211       0      0  59015  983865     0    0    0    0  64135    0 171576  9199    0    0
   0     0     0     0     0 34213    0     0    0    0  209234     0     0    0     0     0 116687 182226     0     0 291090       0      0  60742  993770     0    0    0    0  64568    0 172299  9361    0    0
   0     0     0     0     0 34869    0     0    0    0  209234     0     0    0     0     0 116687 183725     0     0 291854       0      0  62481 1003509     0    0    0    0  65007    0 172997  9510    0    0
   0     0     0     0     0 35506    0     0    0    0  209234     0     0    0     0     0 116687 184969     0     0 292568       0      0  64234 1013132     0    0    0    0  65459    0 173654  9646    0    0
   0     0     0     0     0 36128    0     0    0    0  209234     0     0    0     0     0 116687 185942     0     0 293185       0      0  66005 1022686     0    0    0    0  65928    0 174295  9769    0    0
   0     0     0     0     0 36735    0     0    0    0  209234     0     0    0     0     0 116687 186676     0     0 293711       0      0  67797 1032023     0    0    0    0  66409    0 174906  9877    0    0
   0     0     0     0     0 37329    0     0    0    0  209234     0     0    0     0     0 116687 187214     0     0 294212       0      0  69613 1041379     0    0    0    0  66892    0 175489  9972    0    0
   0     0     0     0     0 37913    0     0    0    0  209234     0     0    0     0     0 116687 187598     0     0 294579       0      0  71456 1050800     0    0    0    0  67367    0 176052 10051    0    0
   0     0     0     0     0 38487    0     0    0    0  209234     0     0    0     0     0 116687 187872     0     0 294934       0      0  73329 1059924     0    0    0    0  67825    0 176578 10115    0    0
   0     0     0     0     0 39055    0     0    0    0  209234     0     0    0     0     0 116687 188078     0     0 295227       0      0  75235 1068782     0    0    0    0  68257    0 177052 10164    0    0
   0     0     0     0     0 39618    0     0    0    0  209234     0     0    0     0     0 116687 188259     0     0 295464       0      0  77177 1077613     0    0    0    0  68653    0 177477 10197    0    0
   0     0     0     0     0 40178    0     0    0    0  209234     0     0    0     0     0 116687 188394     0     0 295592       0      0  79159 1086036     0    0    0    0  69003    0 177860 10212    0    0
   0     0     0     0     0 40735    0     0    0    0  209234     0     0    0     0     0 116687 188526     0     0 295735       0      0  81182 1094287     0    0    0    0  69271    0 178161 10212    0    0
   0     0     0     0     0 41294    0     0    0    0  209234     0     0    0     0     0 116687 188728     0     0 295781       0      0  83251 1102398     0    0    0    0  69503    0 178428 10212    0    0
   0     0     0     0     0 41845    0     0    0    0  209234     0     0    0     0     0 116687 188810     0     0 295863       0      0  85320 1110093     0    0    0    0  69701    0 178639 10212    0    0
   0     0     0     0     0 42388    0     0    0    0  209234     0     0    0     0     0 116687 188836     0     0 295922       0      0  87389 1117156     0    0    0    0  69923    0 178794 10212    0    0
   0     0     0     0     0 42924    0     0    0    0  209234     0     0    0     0     0 116687 188836     0     0 296018       0      0  89458 1124232     0    0    0    0  70111    0 178915 10212    0    0
   0     0     0     0     0 43454    0     0    0    0  209234     0     0    0     0     0 116687 188836     0     0 296095       0      0  91526 1130673     0    0    0    0  70295    0 179023 10212    0    0
   0     0     0     0     0 43975    0     0    0    0  209234     0     0    0     0     0 116687 188836     0     0 296153       0      0  93595 1137136     0    0    0    0  70473    0 179097 10212    0    0
   0     0     0     0     0 44490    0     0    0    0  209234     0     0    0     0     0 116687 188836     0     0 296252       0      0  95664 1143186     0    0    0    0  70647    0 179139 10212    0    0
   0     0     0     0     0 44998    0     0    0    0  209234     0     0    0     0     0 116687 188836     0     0 296275       0      0  97733 1149045     0    0    0    0  70787    0 179187 10212    0    0
   0     0     0     0     0 45500    0     0    0    0  209234     0     0    0     0     0 116687 188836     0     0 296341       0      0  99802 1154943     0    0    0    0  70952    0 179225 10212    0    0
   0     0     0     0     0 45994    0     0    0    0  209234     0     0    0     0     0 116687 188836     0     0 296333       0      0 101871 1160662     0    0    0    0  71112    0 179270 10212    0    0
   0     0     0     0     0 46482    0     0    0    0  209234     0     0    0     0     0 116687 188836     0     0 296310       0      0 103940 1166205     0    0    0    0  71268    0 179325 10212    0    0
   0     0     0     0     0 46963    0     0    0    0  209234     0     0    0     0     0 116687 188836     0     0 296273       0      0 106008 1171805     0    0    0    0  71420    0 179390 10212    0    0
   0     0     0     0     0 47438    0     0    0    0  209234     0     0    0     0     0 116687 188836     0     0 296164       0      0 108077 1177471     0    0    0    0  71568    0 179485 10212    0    0
   0     0     0     0     0 47907    0     0    0    0  209234     0     0    0     0     0 116687 188836     0     0 295865       0      0 110146 1183210     0    0    0    0  71711    0 179591 10212    0    0
   0     0     0     0     0 48369    0     0    0    0  209234     0     0    0     0     0 116687 188836     0     0 296087       0      0 112215 1188796     0    0    0    0  71851    0 179689 10212    0    0
   0     0     0     0     0 48825    0     0    0    0  209234     0     0    0     0     0 116687 188836     0     0 296297       0      0 114284 1194466     0    0    0    0  71987    0 179819 10212    0    0
   0     0     0     0     0 49275    0     0    0    0  209234     0     0    0     0     0 116687 188836     0     0 296498       0      0 116353 1199992     0    0    0    0  72120    0 179940 10212    0    0
   0     0     0     0     0 49719    0     0    0    0  209234     0     0    0     0     0 116687 188836     0     0 296688       0      0 118422 1205615     0    0    0    0  72248    0 180054 10212    0    0
   0     0     0     0     0 50158    0     0    0    0  209234     0     0    0     0     0 116687 188836     0     0 296869       0      0 120491 1211340     0    0    0    0  72374    0 180181 10212    0    0
   0     0     0     0     0 50590    0     0    0    0  209234     0     0    0     0     0 116687 188836     0     0 297041       0      0 122559 1216934     0    0    0    0  72495    0 180282 10212    0    0
   0     0     0     0     0 51016    0     0    0    0  209234     0     0    0     0     0 116687 188836     0     0 297205       0      0 124628 1222399     0    0    0    0  72613    0 180397 10212    0    0
   0     0     0     0     0 51437    0     0    0    0  209234     0     0    0     0     0 116687 188836     0     0 297361       0      0 126697 1227981     0    0    0    0  72728    0 180505 10212    0    0
   0     0     0     0     0 51852    0     0    0    0  209234     0     0    0     0     0 116687 188836     0     0 297509       0      0 128766 1233442     0    0    0    0  72840    0 180586 10212    0    0
   0     0     0     0     0 52261    0     0    0    0  209234     0     0    0     0     0 116687 188836     0     0 297650       0      0 130835 1239030     0    0    0    0  72948    0 180663 10212    0    0
   0     0     0     0     0 52665    0     0    0    0  209234     0     0    0     0     0 116687 188836     0     0 297784       0      0 132904 1244503     0    0    0    0  73023    0 180734 10212    0    0
   0     0     0     0     0 53064    0     0    0    0  209234     0     0    0     0     0 116687 188836     0     0 297911       0      0 134973 1249864     0    0    0    0  73125    0 180800 10212    0    0
   0     0     0     0     0 53457    0     0    0    0  209234     0     0    0     0     0 116687 188836     0     0 298033       0      0 137041 1255115     0    0    0    0  73224    0 180862 10212    0    0
   0     0     0     0     0 53845    0     0    0    0  209234     0     0    0     0     0 116687 188836     0     0 298148       0      0 139110 1260508     0    0    0    0  73320    0 180918 10212    0    0
   0     0     0     0     0 54228    0     0    0    0  209234     0     0    0     0     0 116687 188836     0     0 298257       0      0 141179 1265547     0    0    0    0  73413    0 180950 10212    0    0
   0     0     0     0     0 54605    0     0    0    0  209234     0     0    0     0     0 116687 188836     0     0 298362       0      0 143248 1270734     0    0    0    0  73534    0 180998 10212    0    0
   0     0     0     0     0 54978    0     0    0    0  209234     0     0    0     0     0 116687 188836     0     0 298461       0      0 145317 1275568     0    0    0    0  73622    0 181041 10212    0    0
   0     0     0     0     0 55346    0     0    0    0  209234     0     0    0     0     0 116687 188836     0     0 298555       0      0 147386 1280302     0    0    0    0  73738    0 181082 10212    0    0
   0     0     0     0     0 55708    0     0    0    0  209234     0     0    0     0     0 116687 188836     0     0 298644       0      0 149455 1284939     0    0    0    0  73852    0 181117 10212    0    0
   0     0     0     0     0 56066    0     0    0    0  209234     0     0    0     0     0 116687 188836     0     0 298730       0      0 151524 1289736     0    0    0    0  73963    0 181150 10212    0    0
   0     0     0     0     0 56419    0     0    0    0  209234     0     0    0     0     0 116687 188836     0     0 298811       0      0 153592 1294183     0    0    0    0  74071    0 181180 10212    0    0
   0     0     0     0     0 56767    0     0    0    0  209234     0     0    0     0     0 116687 188836     0     0 298888       0      0 155661 1298538     0    0    0    0  74177    0 181206 10212    0    0
   0     0     0     0     0 57111    0     0    0    0  209234     0     0    0     0     0 116687 188836     0     0 298961       0      0 157730 1302544     0    0    0    0  74281    0 181229 10212    0    0
   0     0     0     0     0 57450    0     0    0    0  209234     0     0    0     0     0 116687 188836     0     0 299031       0      0 159799 1306720     0    0    0    0  74383    0 181249 10212    0    0
   0     0     0     0     0 57785    0     0    0    0  209234     0     0    0     0     0 116687 188836     0     0 299097       0      0 161868 1310808     0    0    0    0  74482    0 181266 10212    0    0
   0     0     0     0     0 58115    0     0    0    0  209234     0     0    0     0     0 116687 188836     0     0 299160       0      0 163937 1314811     0    0    0    0  74579    0 181281 10212    0    0
   0     0     0     0     0 58440    0     0    0    0  209234     0     0    0     0     0 116687 188836     0     0 299220       0      0 166006 1318731     0    0    0    0  74674    0 181293 10212    0    0
   0     0     0     0     0 58762    0     0    0    0  209234     0     0    0     0     0 116687 188836     0     0 299277       0      0 168075 1322568     0    0    0    0  74767    0 181304 10212    0    0
   0     0     0     0     0 59079    0     0    0    0  209234     0     0    0     0     0 116687 188836     0     0 299331       0      0 170143 1326325     0    0    0    0  74858    0 181311 10212    0    0
   0     0     0     0     0 59391    0     0    0    0  209234     0     0    0     0     0 116687 188836     0     0 299383       0      0 172212 1330003     0    0    0    0  74947    0 181316 10212    0    0
   0     0     0     0     0 59700    0     0    0    0  209234     0     0    0     0     0 116687 188836     0     0 299432       0      0 174281 1333604     0    0    0    0  75035    0 181319 10212    0    0
   0     0     0     0     0 60004    0     0    0    0  209234     0     0    0     0     0 116687 188836     0     0 299478       0      0 176350 1337129     0    0    0    0  75120    0 181320 10212    0    0
   0     0     0     0     0 60304    0     0    0    0  209234     0     0    0     0     0 116687 188836     0     0 299522       0      0 178419 1340581     0    0    0    0  75203    0 181320 10212    0    0
   0     0     0     0     0 60601    0     0    0    0  209234     0     0    0     0     0 116687 188836     0     0 299565       0      0 180488 1343958     0    0    0    0  75285    0 181318 10212    0    0
   0     0     0     0     0 60893    0     0    0    0  209234     0     0    0     0     0 116687 188836     0     0 299605       0      0 182557 1347264     0    0    0    0  75364    0 181313 10212    0    0
   0     0     0     0     0 61181    0     0    0    0  209234     0     0    0     0     0 116687 188836     0     0 299643       0      0 184625 1350501     0    0    0    0  75442    0 181308 10212    0    0
   0     0     0     0     0 61466    0     0    0    0  209234     0     0    0     0     0 116687 188836     0     0 299679       0      0 186694 1353669     0    0    0    0  75519    0 181300 10212    0    0
   0     0     0     0     0 61747    0     0    0    0  209234     0     0    0     0     0 116687 188836     0     0 299714       0      0 188763 1356769     0    0    0    0  75593    0 181290 10212    0    0
   0     0     0     0     0 62024    0     0    0    0  209234     0     0    0     0     0 116687 188836     0     0 299746       0      0 190832 1359803     0    0    0    0  75666    0 181300 10212    0    0
   0     0     0     0     0 62297    0     0    0    0  209234     0     0    0     0     0 116687 188836     0     0 299777       0      0 192901 1362772     0    0    0    0  75738    0 181289 10212    0    0
   0     0     0     0     0 62567    0     0    0    0  209234     0     0    0     0     0 116687 188836     0     0 299807       0      0 194970 1365678     0    0    0    0  75808    0 181296 10212    0    0
   0     0     0     0     0 62833    0     0    0    0  209234     0     0    0     0     0 116687 188836     0     0 299835       0      0 197039 1368521     0    0    0    0  75876    0 181302 10212    0    0
   0     0     0     0     0 62833    0     0    0    0  209234     0     0    0     0     0 116687 188836     0     0 299835       0      0 197039 1368521     0    0    0    0  75876    0 181302 10212    0    0