130  1086  9278 41111 23920  17481 1270    9189 2918  3944  50269 20301  33207  2128  2396   8242  62204  95253  19833  3855 221398 22684   76628  63512  607156   4154    529   400 2597 148425 2383   7125   0  5357    49
172  1238  9252 41373 23982  19429 1276   13514 2973  4065  52110 20584  41972  2158  2624  10688  67385  95836  24587  4033 224352 23411   77435  66294  614582   6404    573   424 2675 149928 2440   7162   0  5455    58
213  1391  9214 41634 24045  21356 1282   17849 3023  4181  53879 20837  50710  2189  2852  13128  72486  96279  29331  4205 226981 24378   78241  68987  621121   8653    617   448 2753 151208 2496   7189   0  5554    68
255  1543  9158 41896 24107  23243 1288   22146 3067  4289  55547 21053  59359  2219  3080  15544  77455  96534  34007  4370 229175 25539   79048  71548  626434  10886    662   472 2831 152202 2553   7201   0  5652    77
296  1696  9148 42158 24170  25259 1294   26528 3126  4420  57506 21373  68364  2250  3308  18056  82851  97251  38816  4557 232500 26847   79854  74471  634735  13191    706   496 2909 153951 2609   7242   0  5750    87
338  1848  9219 42420 24232  27529 1300   31216 3215  4591  60000 21888  78108  2280  3536  20764  89056  98844  44058  4788 237936 28257   80661  78101  648820  15647    750   520 2987 157089 2666   7349   0  5849    96
344  2343  9238 42595 24279  29691 1300   35843 3287  4740  62207 22290  87613  2357  3854  23413  94885  99917  49186  4996 242147 29721   76529  81368  659584  18064    706   752 3355 159406 2751   7420   0  5999   161
349  2838  9167 42771 24327  31574 1305   40171 3327  4843  63817 22475  96313  2433  4171  25845  99816 100025  53881  5157 244018 31194   72397  83859  664005  20319    662   984 3724 160178 2836   7420   0  6149   226
355  3333  9073 42946 24374  33366 1300   44370 3359  4933  65255 22601 104730  2510  4489  28201 104471  99871  58413  5303 245248 32629   68264  86123  666672  22511    617  1215 4092 160532 2920   7400   0  6299   291
360  3828  8919 43122 24422  34903 1293   48197 3366  4988  66891 22572 112287  2586  4806  30324 108336  99050  62470  5412 244810 33979   64132  87767  664819  24513    573  1447 4461 159801 3005   7332   0  6449   356
366  4323  8830 43297 24469  36605 1290   60069 3368  5309  72043 22425 127076  2663  5124  31924 112949  98143  66972  5575 242726 35199   60000  90531  670746  27671    529  1679 4829 161107 3090   7325   0  6599   421
366  4504  8799 43408 24525  37513 1286   62694 3396  5401  74545 22512 127076  2697  5307  31957 117461  97389  71770  5611 243659 36258   60000  93013  678714  29940    521  1745 5018 159935 3276   7212   0  6653   427
366  4691  8767 43535 24584  38372 1283   65584 3428  5501  76955 22675 127313  2730  5477  32049 121854  96636  76491  5658 245372 37188   60000  95793  687162  32395    513  1807 5189 160408 3449   7099   0  6737   434
366  4885  8846 43677 24646  39190 1282   68754 3464  5609  79273 22907 128692  2761  5636  32196 126132  95882  81150  5717 247806 38039   60000  98860  696058  35399    505  1867 5344 160857 3608   6986   0  6849   441
366  5083  8978 43834 24709  39974 1281   72216 3503  5725  81499 23201 130859  2792  5784  32396 130298  95128  85761  5787 250902 38860   60000 102202  705369  38616    497  1923 5483 163372 3756   6873   0  6985   450
366  5288  9120 44003 24775  40734 1280   75983 3545  5848  83631 23551 133774  2821  5921  32647 134357  94375  90339  5864 254601 39699   60000 105807  715063  40427    489  1976 5607 165789 3891   6760   0  7144   460
366  5498  9269 44184 24843  41479 1279   80069 3590  5977  85669 23950 137395  2850  6048  32945 138313  94778  94898  5950 258845 40606   60000 109664  725110  42294    481  2025 5718 168287 4015   6647   0  7321   472
366  5713  9425 44376 24913  42216 1278   84486 3637  6112  87613 24391 141684  2878  6165  33288 142170  96304  99453  6043 263574 41629   60000 113761  735477  44206    474  2072 5816 170851 4129   6996   0  7516   485
366  5933  9585 44578 24984  42954 1277   89249 3686  6252  89462 24869 146600  2906  6275  33673 145932  97994 104019  6141 268729 42817   60000 118085  746133  46150    487  2116 5901 173469 4233   7552   0  7724   501
366  6159  9750 44788 25057  43703 1275   94369 3737  6397  91216 25376 152103  2933  6376  34098 149604  99822 108611  6243 274251 44220   60000 122627  757045  48115    503  2156 5975 176125 4328   8182   0  7944   518
374  6390  9918 45006 25131  44470 1289   99861 3789  6547  92874 25907 158153  2960  6470  34559 153190 101761 113243  6349 280082 45885   60000 127373  768183  50090    523  2194 6039 178805 4414   8875   0  8172   538
390  6626 10086 45229 25205  45263 1295  105737 3841  6700  94435 26453 164711  2987  6557  35055 156693 103784 117930  6456 286162 47839   57837 132312  779513  52061    547  2229 6093 181495 4492   9618   0  8405   560
409  6867 10255 45458 25281  46093 1303  112011 3893  6856  95900 27009 171735  3014  6638  35582 160118 105863 122687  6564 292432 50017   58684 137433  791005  54019    574  2261 6138 184181 4564  10401   0  8642   585
428  7112 10422 45690 25356  46967 1310  118696 3946  7016  97267 27568 179186  3041  6714  36137 163469 107972 127528  6672 298834 52328   60730 142723  802626  55950    607  2291 6175 186848 4628  11211   0  8879   613
448  7363 10587 45925 25432  47893 1318  125805 3998  7177  98537 28123 187024  3069  6786  36718 166751 110082 132467  6778 305308 54686   63059 148171  814346  57843    644  2318 6205 189483 4687  12036   0  9114   644
468  7618 10748 46162 25509  48881 1326  133351 4049  7340  99708 28669 195210  3097  6853  37322 169966 112168 137521  6882 311796 57000   65661 153766  826131  59686    687  2342 6228 192070 4740  12864   0  9343   678
488  7878 10904 46400 25585  49939 1334  141347 4099  7504 100780 29197 203701  3125  6917  37947 173121 114203 142702  6981 318238 59182   68525 159496  837950  61467    735  2364 6246 194596 4789  13684   0  9565   716
508  8142 11054 46636 25660  51075 1342  149807 4147  7669 101752 29702 212460  3155  6978  38590 176217 116158 148027  7076 324576 61144   71641 165348  849772  63174    789  2384 6259 197046 4834  14483   0  9776   758
527  8411 11195 46871 25735  52299 1349  158744 4193  7834 102625 30178 221446  3185  7037  39248 179261 118007 153509  7165 330750 62797   74998 171311  861565  64797    849  2401 6269 199406 4876  15250   0  9974   803
545  8684 11328 47103 25810  53617 1357  168171 4237  7998 103396 30617 230618  3216  7094  39917 182256 119723 159163  7246 336701 64051   78587 177375  873297  66322    916  2415 6275 201663 4915  15973   0 10156   852
561  8961 11450 47331 25883  55041 1363  178101 4278  8161 104067 31013 239937  3248  7151  40597 185206 121278 165005  7318 342372 64819   82395 183526  884935  67738    989  2428 6279 203800 4951  16639   0 10319   906
575  9242 11561 47554 25955  56576 1370  188547 4316  8323 104637 31359 249362  3281  7207  41283 188115 122646 171048  7381 347701 65579   86414 189753  896449  69033   1070  2438 6282 205805 4987  17238   0 10460   964
588  9527 11658 47771 26026  58234 1375  199523 4350  8483 105104 31649 258854  3316  7265  41974 190987 123800 177307  7433 352632 66331   90633 196045  907807  70196   1159  2446 6284 207663 5022  17756   0 10577  1027
597  9817 11742 47980 26095  60021 1380  211041 4380  8640 105469 31876 268372  3352  7323  42666 193827 124712 183797  7473 357104 67074   95041 202389  918976  71214   1255  2452 6287 209360 5056  18183   0 10668  1094
604 10110 11810 48180 26163  61946 1384  223116 4406  8794 105730 32033 277877  3390  7383  43356 196639 125355 190533  7500 361058 67808   99628 208775  929926  72076   1359  2457 6291 210881 5091  18507   0 10729  1167
607 10406 11861 48371 26228  64019 1386  235759 4427  8944 105888 32115 287329  3429  7445  44043 199426 125703 197530  7513 364437 68535  104383 215190  940624  72770   1472  2459 6297 212212 5128  18714   0 10757  1245
607 10707 11894 48551 26291  66247 1388  248985 4443  9090 105942 32115 296686  3471  7511  44723 202194 125727 204801  7513 367180 69254  109297 221623  951038  73284   1594  2459 6306 213340 5166  18795   0 10757  1328
607 11011 11907 48719 26352  68640 1388  262806 4453  9232 105942 32115 305910  3514  7580  45394 204946 125727 212362  7513 369228 69964  114358 228061  961136  73606   1725  2459 6318 214248 5207  18795   0 10757  1417
607 11319 11907 48873 26410  71205 1388  277236 4458  9368 105942 32115 314961  3560  7654  46052 207686 125727 220227  7513 370524 70667  119556 234495  970888  73724   1866  2459 6335 214925 5251  18795   0 10757  1511
607 11630 11907 49014 26465  73951 1388  292287 4458  9498 105942 32115 323797  3608  7733  46696 210418 125727 228411  7513 371007 71362  124882 240910  980261  73724   2016  2459 6358 215354 5298  18795   0 10757  1612
607 11944 11907 49139 26518  76888 1388  307974 4458  9622 105942 32115 332380  3658  7818  47322 213148 125727 236929  7513 371007 72050  130323 247297  989223  73724   2177  2459 6386 215522 5350  18795   0 10757  1719
607 12257 11907 49260 26566  79770 1388  323659 4458  9746 105942 32115 340918  3706  7900  47938 215837 125727 245447  7513 371009 72729  135963 253684  998172  73724   2351  2459 6414 215685 5401  18795   0 10757  1826
607 12569 11907 49378 26613  82600 1388  339345 4458  9870 105942 32115 349409  3751  7980  48545 218488 125727 253965  7513 371014 73401  141797 260071 1007105  73724   2538  2459 6441 215842 5450  18795   0 10757  1933
607 12880 11907 49491 26656  85379 1388  355030 4458  9994 105942 32115 357856  3793  8058  49142 221099 125727 262482  7513 371025 74066  147842 266458 1016025  73724   2741  2459 6467 215992 5498  18795   0 10757  2040
607 13189 11907 49601 26696  88107 1388  370716 4458 10117 105942 32115 366257  3833  8133  49730 223673 125727 271000  7513 371043 74724  154112 272845 1024930  73724   2961  2459 6492 216138 5544  18795   0 10757  2147
607 13498 11907 49707 26735  90786 1388  386401 4458 10241 105942 32115 374614  3870  8207  50309 226210 125727 279518  7513 371072 75374  160625 279231 1033821  73724   3199  2459 6517 216277 5590  18795   0 10757  2254
607 13805 11907 49810 26770  93415 1388  402086 4458 10364 105942 32115 382926  3906  8278  50879 228710 125727 288035  7513 371111 76017  167400 285618 1042697  73724   3457  2459 6540 216412 5634  18795   0 10757  2361
607 14111 11907 49910 26804  95997 1388  417772 4458 10487 105942 32115 391194  3939  8348  51440 231173 125727 296553  7513 371164 76653  174457 292005 1051559  73724   3737  2459 6564 216542 5676  18795   0 10757  2467
607 14416 11907 50006 26836  98532 1388  433457 4458 10610 105942 32115 399418  3971  8415  51993 233600 125727 305071  7513 371230 77281  181817 298392 1060407  73724   4041  2459 6586 216667 5718  18795   0 10757  2574
607 14719 11907 50098 26865 101021 1388  449142 4458 10733 105942 32115 407598  4000  8481  52536 235993 125727 313588  7513 371312 77903  189507 304779 1069241  73724   4372  2459 6608 216788 5758  18795   0 10757  2681
607 15022 11907 50188 26893 103465 1388  464828 4458 10856 105942 32115 415734  4028  8545  53071 238350 125727 322106  7513 371411 78518  197550 311165 1078061  73723   4732  2459 6629 216904 5797  18795   0 10757  2788
607 15323 11907 50275 26920 105864 1388  480513 4458 10978 105942 32115 423827  4055  8607  53598 240673 125727 330624  7513 371528 79126  205977 317552 1086866  73723   5125  2459 6650 217016 5835  18795   0 10757  2895
607 15623 11907 50359 26944 108220 1388  496199 4458 11101 105942 32115 431877  4080  8667  54117 242963 125727 339141  7513 371663 79728  214817 323939 1095657  73723   5554  2459 6670 217124 5872  18795   0 10757  3002
607 15922 11907 50441 26967 110532 1388  511884 4459 11223 105942 32115 439884  4103  8725  54628 245219 125727 347659  7513 371818 80323  224103 330326 1104434  73723   6022  2459 6689 217228 5908  18795   0 10757  3109
607 16220 11907 50519 26989 112803 1388  527569 4459 11345 105942 32115 447848  4125  8782  55130 247442 125727 356177  7513 371992 80911  233873 336713 1113198  73723   6535  2459 6708 217328 5943  18795   0 10757  3216
607 16517 11907 50595 27009 115032 1388  543255 4459 11467 105942 32115 455770  4146  8838  55625 249634 125727 364695  7513 372188 81493  244165 343100 1121947  73723   7096  2459 6726 217424 5977  18795   0 10757  3323
607 16812 11907 50669 27029 117221 1388  558940 4459 11589 105942 32115 463649  4166  8892  56112 251793 125727 373212  7513 372405 82068  255023 349486 1130681  73723   7712  2459 6744 217517 6010  18795   0 10757  3430
607 17107 11907 50740 27047 119370 1388  574625 4460 11711 105942 32115 471487  4185  8944  56592 253921 125727 381730  7513 372644 82637  266491 355873 1139402  73723   8388  2459 6762 217607 6043  18795   0 10757  3536
607 17400 11907 50809 27064 121480 1388  590311 4460 11833 105942 32115 479283  4202  8995  57064 256018 125727 390248  7513 372906 83199  278621 362260 1148109  73723   9131  2459 6778 217693 6074  18795   0 10757  3643
607 17692 11907 50875 27080 123551 1388  605996 4460 11954 105942 32115 487037  4219  9044  57529 258084 125727 398765  7513 373191 83756  291467 368647 1156802  73723   9950  2459 6795 217776 6104  18795   0 10757  3750
607 17984 11907 50939 27094 125585 1388  621682 4461 12076 105942 32115 494750  4234  9093  57986 260120 125727 407283  7513 373498 84306  305090 375034 1165481  73723  10853  2459 6810 217856 6134  18795   0 10757  3857
607 18273 11907 51002 27108 127582 1388  637367 4461 12197 105942 32115 502422  4249  9139  58436 262127 125727 415801  7513 373829 84850  319553 381421 1174146  73722  11850  2459 6826 217933 6162  18795   0 10757  3964
607 18562 11907 51062 27122 129542 1388  653052 4461 12318 105942 32115 510053  4263  9185  58880 264105 125727 424318  7513 374184 85388  334928 387807 1182797  73722  12954  2459 6841 218007 6190  18795   0 10757  4071
607 18850 11907 51120 27134 131467 1388  668738 4462 12439 105942 32115 517643  4276  9229  59316 266054 125727 432836  7513 374563 85920  351291 394194 1191434  73722  14176  2459 6855 218079 6217  18795   0 10757  4178
607 19137 11907 51176 27146 133356 1388  684423 4462 12560 105942 32115 525192  4288  9272  59746 267974 125727 441354  7513 374966 86447  368728 400581 1200058  73722  15532  2459 6869 218148 6244  18795   0 10757  4285
607 19422 11907 51231 27157 135212 1388  700108 4463 12681 105942 32115 532702  4300  9314  60169 269867 125727 449871  7513 375393 86967  387330 406968 1208667  73722  17040  2459 6883 218214 6269  18795   0 10757  4392
607 19707 11907 51283 27167 137033 1388  715794 4463 12801 105942 32115 540171  4311  9354  60585 271732 125727 458389  7513 375845 87482  407198 413355 1217263  73722  18717  2459 6896 218278 6294  18795   0 10757  4499
607 19990 11907 51334 27177 138822 1388  731479 4464 12922 105942 32115 547601  4321  9394  60995 273570 125727 466907  7513 376321 87991  428443 419742 1225845  73722  20589  2459 6909 218340 6318  18795   0 10757  4605
607 20273 11907 51383 27186 140578 1388  747165 4465 13042 105942 32115 554991  4331  9432  61399 275382 125727 475425  7513 376821 88494  451186 426128 1234413  73722  22678  2459 6922 218399 6342  18795   0 10757  4712
607 20554 11907 51431 27194 142302 1388  762850 4465 13162 105942 32115 562342  4340  9469  61796 277167 125727 483942  7513 377346 88992  475559 432515 1242967  73722  25017  2459 6934 218457 6365  18795   0 10757  4819
607 20834 11907 51477 27202 143994 1388  778535 4466 13282 105942 32115 569653  4349  9506  62187 278926 125727 492460  7513 377895 89484  501708 438902 1251507  73722  27638  2459 6946 218512 6387  18795   0 10757  4926
607 21113 11907 51521 27210 145656 1388  794221 4467 13402 105942 32115 576926  4357  9541  62572 280659 125727 500978  7513 378469 89971  529794 445289 1260034  73722  30581  2459 6957 218565 6408  18795   0 10757  5033
607 21391 11907 51565 27217 147288 1388  809906 4468 13522 105942 32115 584160  4365  9575  62951 282367 125727 509495  7513 379067 90453  559993 451676 1268547  73722  33893  2459 6968 218616 6429  18795   0 10757  5140
607 21668 11907 51606 27223 148890 1388  825591 4468 13642 105942 32115 591355  4372  9609  63324 284051 125727 518013  7513 379689 90929  592498 458062 1277047  73722  37625  2459 6979 218666 6450  18795   0 10757  5247
607 21944 11907 51646 27230 150463 1388  841277 4469 13761 105942 32115 598511  4379  9641  63691 285710 125727 526531  7513 380336 91400  627524 464449 1285533  73722  41840  2459 6989 218713 6470  18795   0 10757  5354
607 22219 11907 51685 27235 152007 1388  856962 4470 13881 105942 32115 605630  4385  9672  64053 287345 125727 535048  7513 381006 91865  665306 470836 1294005  73722  46609  2459 7000 218759 6489  18795   0 10757  5461
607 22493 11907 51723 27241 153523 1388  872648 4471 14000 105942 32115 612711  4391  9703  64409 288956 125727 543566  7513 381701 92326  706106 477223 1302463  73721  52016  2459 7009 218803 6507  18795   0 10757  5568
607 22765 11907 51759 27246 155011 1388  888333 4472 14119 105942 32115 619754  4397  9733  64759 290544 125727 552084  7513 382419 92781  750211 483610 1310908  73721  58158  2459 7019 218846 6526  18795   0 10757  5674
607 23037 11907 51795 27251 156473 1388  904018 4473 14238 105942 32115 626759  4402  9762  65104 292108 125727 560601  7513 383161 93231  797941 489997 1319340  73721  65151  2459 7028 218887 6543  18795   0 10757  5781
607 23308 11907 51829 27255 157908 1388  919704 4474 14357 105942 32115 633727  4408  9790  65443 293650 125727 569119  7513 383927 93677  849647 496383 1327758  73721  73128  2459 7037 218926 6561  18795   0 10757  5888
607 23577 11907 51862 27260 159316 1388  935389 4475 14476 105942 32115 640658  4412  9817  65778 295170 125727 577637  7513 384716 94117  905721 502770 1336162  73721  82247  2459 7046 218964 6577  18795   0 10757  5995
607 23846 11907 51894 27264 160699 1388  951074 4476 14595 105942 32115 647552  4417  9844  66107 296667 125727 586154  7513 385528 94553  966596 509157 1344553  73721  92695  2459 7055 219001 6593  18795   0 10757  6102
607 24113 11907 51924 27267 162057 1388  966760 4478 14713 105942 32115 654410  4421  9870  66431 298143 125727 594672  7513 386364 94984 1032756 515544 1352930  73721 104692  2459 7063 219036 6609  18795   0 10757  6209
607 24380 11907 51954 27271 163391 1388  982445 4479 14832 105942 32115 661230  4425  9895  66749 299597 125727 603190  7513 387222 95410 1104735 521931 1361294  73721 118498  2459 7071 219070 6625  18795   0 10757  6316
607 24645 11907 51983 27274 164699 1388  998131 4480 14950 105942 32115 668015  4429  9919  67063 301030 125727 611708  7513 388103 95831 1183129 528318 1369644  73721 134424  2459 7079 219103 6639  18795   0 10757  6423
607 24645 11907 51983 27274 164699 1388  998131 4480 14950 105942 32115 668015  4429  9919  67063 301030 125727 611708  7513 388103 95831 1183129 528318 1369644  73721 134424  2459 7079 219103 6639  18795   0 10757  6423
607 24645 11907 51983 27274 164699 1388  998131 4480 14950 105942 32115 668015  4429  9919  67063 301030 125727 611708  7513 388103 95831 1183129 528318 1369644  73721 134424  2459 7079 219103 6639  18795   0 10757  6423