0             1320.354822 
0             5544.850811 
0            10441.30344  
0             7250.16993  
0             5647.80248  
7469.467427  52062.63162  
0              912.0119236
0           424613.7268   
0             7541.499305 
0            27193.03727  
28687.55782  16281.57706  
0            12990.64765  
0           176929.1588   
0             3017.771773 
0             5147.366358 
0             6582.748053 
16751.6601   29761.42685  
20513.69042  35355.66692  
0            95184.9499   
0             2711.424122 
29189.13321  78755.79782  
136.3163478 286201.4967   
0             5154.452299 
10355.33063 125578.802    
111515.5208 239067.349    
0            41418.33131  
0              786.2028244
0             2604.707551 
0              815.9474487
7505.599243 116065.8515   
0             1597.014024 
21871.03761   3889.081543 
3804.176804      0        
0             1601.210912 
0              998.155321 