 31100
 36200
 38700
 40200
 42900
 47700
 55100
 62400
 69700
 76900
 76600
 87300
 95200
104700
114200
125300
138200
146800
155100
163200
171300
175500
178300
180000
181200
182500
183200
184000
184700
185300
186700
186700
186700
186700
186700
186700
186700
186700
186700
186700
186700
186700
186700
186700
186700
186700
186700
186700
186700
186700
186700
186700
186700
186700
186700
186700
186700
186700
186700
186700
186700
186700
186700
186700
186700
186700
186700
186700
186700
186700
186700
186700
186700
186700
186700
186700
186700
186700
186700
186700
186700
186700
186700
186700
186700
186700
186700
186700
186700
186700
186700
186700
186700
186700
186700
186700
186700
186700
186700
186700
186700
186700
186700
186700
186700
186700