2012 18447196
2013 19024047
2014 13877797
2015 14430703
2016 15213730
2017 19539212
2018 16954335
2019 21829584
2020 14621040
2021 8474133
2022 17422186
2023 12183502
2024 6178190
2025 12630349
2026 14648871
2027 14306056
2028 18148319
2029 11164062
2030 9931656
2031 20116677
2032 17225136
2033 13731401
2034 15369422
2035 14140528
2036 11095455
2037 16439485
2038 15139293
2039 16933581
2040 13140416
2041 12505894
2042 20805422
2043 11165419
2044 8496102
2045 9413908
2046 11426874
2047 21500963
2048 15862511
2049 9598169
2050 11524160
2051 10010259
2052 17377609
2053 8840900
2054 10863586
2055 19875027
2056 10679844
2057 11670830
2058 13739932
2059 15272159
2060 15344136
2061 15471868
2062 13191681
2063 18624475
2064 13360836
2065 17047078
2066 11283589
2067 5505318
2068 15377853
2069 17937423
2070 17883566
2071 8986300
2072 17552374
2073 24458342
2074 25474288
2075 20984345
2076 23169743
2077 15645516
2078 11440677
2079 10014842
2080 9552944
2081 12244912
2082 10883262
2083 18419088
2084 10600569
2085 20435048     