2000 3636.00 15.7290020
2001 3636.00 15.7290020
2002 3636.00 15.7290020
2003 3636.00 15.7290020
2004 3636.00 15.7290020
2005 3636.00 15.7290020
2006.0 3636.00 15.7290020
2007.0 3636.00 15.7290020
2008.0 3636.00 15.7290020
2009.0 3639.00 15.8807950
2010.0 3642.00 16.4302940
2011.0 3643.00 16.4819240
2012.0 3645.00 16.5831910
2013.0 3646.00 17.0424280
2014.0 3648.00 17.2176680
2015.0 3649.00 17.0845520
2016.0 3651.00 17.6414460
2017.0 3652.00 17.4660000
2018.0 3654.00 17.7098620
2019.0 3655.00 17.7967880
2020.0 3657.00 18.1004180
2021.0 3659.00 18.2868000
2022.0 3660.00 18.4890820
2023.0 3662.00 18.8356440
2024.0 3663.00 19.1449340
2025.0 3664.00 19.1090920
2026.0 3666.40 19.3876551
2027.0 3667.90 19.6002138
2028.0 3669.50 19.8151030
2029.0 3671.10 20.0323482
2030.0 3672.60 20.2519751
2031.0 3674.20 20.4740099
2032.0 3675.80 20.6984791
2033.0 3677.40 20.9254092
2034.0 3678.90 21.1548273
2035.0 3680.50 21.3867607
2036.0 3682.10 21.6212369
2037.0 3683.70 21.8582838