2000.0000  377532  200200
2001.0000  376995  229156
2002.0000  376458  197274
2003.0000  375921  113511
2004.0000  375384  132633
2005.0000  374847  219745
2006.0000  374310  221618
2007.0000  373773  152260
2008.0000  373236  152176
2009.0000  372699  145706
2010.0000  372161  131226
2011.0000  369841  123793
2012.0000  365949  116027
2013.0000  361196  106972
2014.0000  356290  100086
2015.0000  351941  92926
2016.0000  348699  86324
2017.0000  346482  78396
2018.0000  345047  73029
2019.0000  344153  68142
2020.0000  343558  61923
2021.0000  343021  57288
2022.0000  342299  53098
2023.0000  341152  49133
2024.0000  339338  45526
2025.0000  336614  42338
2026.0000  333946  39003
2027.0000  331328  36012
2028.0000  328762  33109
2029.0000  326246  30291
2030.0000  323779  27556
2031.0000  321360  24901
2032.0000  318989  22325
2033.0000  316663  19825
2034.0000  314384  17398
2035.0000  312148  15042
2036.0000  309956  12756
2037.0000  307807  10537
2038.0000  305700  8383
2039.0000  303635  6293
2040.0000  301609  4264
2041.0000  299623  2295
2042.0000  297676  384
2043.0000  295767  200
2044.0000  293895  100
2045.0000  292059  0
2046.0000  290260  0
2047.0000  288495  0
2048.0000  286765  0
2049.0000  285069  0
2050.0000  283406  0
2051.0000  281775  0
2052.0000  280176  0
2053.0000  278609  0
2054.0000  277072  0
2055.0000  275565  0
2056.0000  274087  0
2057.0000  272638  0
2058.0000  271218  0
2059.0000  269825  0
2060.0000  268460  0
2061.0000  267121  0
2062.0000  265808  0
2063.0000  264521  0
2064.0000  263259  0
2065.0000  262021  0
2066.0000  260808  0
2067.0000  259619  0
2068.0000  258452  0
2069.0000  257309  0
2070.0000  256188  0
2071.0000  255088  0
2072.0000  254010  0
2073.0000  252954  0
2074.0000  251917  0
2075.0000  250901  0
2076.0000  249905  0
2077.0000  248929  0
2078.0000  247971  0
2079.0000  247032  0
2080.0000  246112  0
2081.0000  245209  0
2082.0000  244324  0
2083.0000  243456  0
2084.0000  242605  0
2085.0000  241771  0
2086.0000  240953  0
2087.0000  240151  0
2088.0000  239365  0
2089.0000  238594  0
2090.0000  237838  0
2091.0000  237097  0
2092.0000  236371  0
2093.0000  235658  0
2094.0000  234960  0
2095.0000  234275  0
2096.0000  233603  0
2097.0000  232945  0
2098.0000  232299  0
2099.0000  231666  0
2100.0000  231045  0