1906  577988
1907 1035644
1908  938518
1909  901164
1910 1140004
1911 1203645
1912  729693
1913  723469
1914  884686
1915  837918
1916 1340450
1917  879071
1918  850632
1919 1241493
1920 1300021
1921 1466638
1922 1148206
1923 1959502
1924 1370627
1925  650980
1926  633969
1927 1022192
1928  272810
1929  291671
1930  621233
1931  632555
1932 1221141
1933  677187
1934  564892
1935  298072
1936  480448
1937  802790
1938  602881
1939  869231
1940 1012284
1941 2048018
1942  846529
1943  825246
1944  900663
1945 1003030
1946  735028
1947  700234
1948  296714
1949  625555
1950  318263
1951  348667
1952  870486
1953  431537
1954  520006
1955  802405
1956  388109
1957  908501
1958  899818
1959  546031
1960  813336
1961  756379
1962  410768
1963  574756
1964  378025
1965 1251149
1966 1031437
1967  831632
1968  837544
1969 1063709
1970  720335
1971  574428
1972  650660
1973 1356122
1974  740548
1975  707838
1976  631603
1977  427252
1978 1234791
1979 1325114
1980 1554379
1981  746189
1982 1041095
1983 1600203
1984 1392809
1985 1017485
1986  686458
1987  992048
1988  857861
1989  701465
1990  620797
1991  954522
1992 1294730
1993 1982289
1994  648096
1995 1471198
1996  569386
1997  762234
1998 1200899
1999  642094
2000  481380
2001  567069
2002  352086
2003  521673
2004  723071
2005 1633030
2006  500057
2007  563000
2008  712664
2009  414999
2010 1021146
2011  592363
2012  448528