 130  1086  8830 39153 18400  39036 1449   13102 3022  4061  37544 21124  59145   133  2396 25186  59280  98143  31125  4168 199988 22684  60000  84286  575404  11452  529   400 2597 166950 2383   7325    0  4870   49
 127  1187  8912 39364 18460  40287 1461   14628 3135  4202  39097 21608  63088   160  2513 25708  62070  99709  33845  4332 203067 23411  72485  87452  589243  12111  581   411 2662 168768 2454   7597    0  4982   62
 150  1315  9009 39600 18512  41700 1474   17077 3255  4351  40873 22088  68724   176  2696 26271  65315 101334  36680  4578 206415 24378  83498  90943  604489  13372  626   430 2734 170772 2515   7912    0  5111   72
 194  1469  9117 39855 18558  43250 1486   20428 3382  4509  42825 22569  75828   185  2936 26868  69018 103009  39674  4890 210089 25539  93220  94719  620847  15145  668   455 2814 172923 2569   8286    0  5254   80
 258  1647  9234 40124 18600  44911 1499   24664 3515  4673  44926 23054  84179   188  3219 27492  73135 104728  42875  5253 213909 26847 101832  98742  638154  17344  708   486 2898 175180 2618   8704    0  5408   88
 338  1848  9356 40400 18640  46656 1512   29767 3654  4845  47165 23547  93554   190  3536 28137  77699 106483  46326  5652 217981 28257 109513 102969  656245  19879  750   520 2987 177504 2666   9150    0  5570   96
 431  2070  9479 40678 18680  48462 1525   35718 3798  5023  49438 24051 103729   193  3874 28796  82674 108267  50074  6072 222121 29721 116444 107363  674950  22662  795   555 3078 179855 2715   9639    0  5736  106
 535  2313  9599 40951 18723  50301 1538   42498 3947  5206  51751 24569 114483   199  4223 29461  88034 110071  54166  6499 226337 31194 122805 111881  694099  25605  847   590 3170 182193 2769  10155    0  5902  119
 645  2574  9714 41215 18770  52149 1551   50088 4101  5393  54061 25106 125591   213  4571 30128  93788 111888  58645  6917 230589 32629 128777 116486  713516  28618  907   623 3261 184477 2829  10696    0  6065  136
 761  2852  9820 41462 18822  53978 1565   58472 4258  5585  56274 25664 136831   236  4906 30787  99904 113711  63559  7310 234833 33979 134540 121137  732700  31615  979   652 3350 186668 2899  11243    0  6223  159
 877  3146  9913 41687 18883  55764 1578   67629 4418  5781  58363 26248 147981   272  5218 31434 106339 115532  68952  7665 238976 35199 140274 125793  751778  34506 1064   676 3435 188726 2982  11811    0  6371  189
 992  3454  9991 41886 18953  57487 1577   77542 4581  5979  60287 26858 158859   323  5497 32061 113040 117342  74853  7969 242980 36258 146127 130424  770431  37221 1165   693 3516 190621 3079  12382    0  6507  227
1106  3776 10053 42059 19033  59143 1576   88196 4744  6180  61990 27485 169449   389  5746 32664 119964 119123  81217  8224 246893 37188 152116 135029  788468  39757 1278   705 3591 192368 3189  12935    0  6630  272
1218  4110 10103 42210 19120  60738 1576   99574 4906  6383  63534 28117 179779   469  5970 33238 126985 120857  87983  8436 250664 38039 158224 139617  806076  42131 1402   715 3661 193987 3308  13488    0  6742  323
1327  4456 10140 42342 19215  62275 1575  111662 5064  6587  64901 28742 189875   561  6171 33780 134010 122525  95087  8608 254242 38860 164435 144194  823094  44358 1532   726 3726 195506 3434  14023    0  6843  381
1435  4812 10166 42456 19316  63757 1575  124444 5216  6792  66077 29349 199762   665  6356 34284 140915 124108 102469  8747 257683 39699 170733 148770  839535  46455 1666   739 3785 196946 3563  14538    0  6934  444
1541  5178 10183 42556 19422  65189 1575  137905 5360  6998  67101 29926 209468   780  6529 34746 147590 125587 110066  8857 260933 40606 177088 153354  855593  48437 1801   758 3838 198332 3693  15014    0  7014  511
1644  5552 10192 42644 19532  66574 1576  152030 5495  7203  67934 30460 219019   904  6694 35162 153922 126943 117817  8943 264050 41629 183413 157953  870735  50319 1932   784 3886 199688 3821  15469    0  7085  582
1746  5935 10194 42723 19646  67915 1576  166803 5617  7408  68571 30941 228440  1037  6856 35528 159671 128158 125658  9010 266981 42817 189606 162574  885522  52118 2058   821 3927 201036 3943  15883    0  7147  657
1845  6324 10194 42796 19762  69217 1577  182209 5725  7612  69004 31356 237760  1177  7019 35839 164668 129212 133528  9065 269728 44220 195566 167227  899599  53849 2174   871 3963 202401 4056  16236    0  7201  734
1941  6719 10194 42866 19879  70483 1578  198233 5816  7815  69312 31694 247003  1323  7188 36091 168805 130086 141365  9110 272236 45885 201192 171920  912974  55529 2278   937 3992 203807 4158  16548    0  7248  812
2035  7119 10194 42934 19997  71716 1579  214859 5890  8016  69559 31947 256197  1475  7366 36282 172018 130771 149107  9151 274563 47839 206411 176661  925659  57173 2367  1020 4015 205269 4246  16797    0  7288  891
2126  7523 10194 43002 20113  72921 1581  232072 5947  8214  69762 32123 265367  1631  7550 36418 174418 131287 156692  9190 276713 50017 211266 181457  937862  58796 2443  1119 4032 206766 4321  17003    0  7321  971
2214  7931 10194 43069 20229  74101 1582  249857 5991  8409  69928 32237 274540  1790  7737 36511 176164 131665 164057  9227 278630 52328 215827 186317  949405  60415 2505  1234 4045 208269 4385  17166    0  7348 1051
2300  8340 10194 43135 20342  75259 1584  268199 6023  8601  70061 32302 283743  1951  7922 36568 177410 131936 171141  9263 280433 54686 220166 191250  960300  62045 2557  1361 4054 209748 4437  17284    0  7370 1129
2383  8751 10194 43200 20451  76401 1586  287082 6045  8790  70166 32330 293002  2114  8100 36600 178313 132128 177882  9300 282011 57000 224354 196262  970970  63702 2600  1500 4060 211175 4480  17379    0  7387 1205
2462  9162 10194 43265 20556  77528 1589  306490 6060  8973  70250 32335 302343  2277  8268 36616 179030 132273 184217  9338 283423 59182 228462 201364  981442  65402 2635  1649 4064 212519 4515  17468    0  7400 1279
2539  9573 10194 43329 20655  78645 1591  326409 6071  9153  70317 32331 311793  2439  8422 36627 179716 132401 190085  9377 284673 61144 232561 206562  991536  67161 2664  1806 4067 213752 4542  17553    0  7410 1349
2612  9982 10194 43393 20748  79755 1594  346823 6079  9326  70373 32330 321377  2598  8557 36640 180528 132605 195423  9420 285825 62797 236722 211865 1001691  68994 2688  1969 4070 214845 4564  17633    0  7417 1416
2682 10389 10194 43456 20833  80863 1597  367717 6087  9494  70424 32345 331123  2755  8670 36667 181623 132916 200169  9466 286764 64051 241017 217282 1011731  70917 2709  2137 4074 215795 4582  17750    0  7421 1478
2749 10792 10194 43519 20910  81971 1600  389076 6097  9656  70474 32391 341057  2908  8756 36716 183156 133334 204262  9517 287614 64819 245516 222819 1021683  72947 2728  2309 4079 216517 4596  17862    0  7424 1534
2814 11195 10194 43580 20986  83064 1603  410434 6106  9816  70520 32434 350990  3061  8840 36762 184592 133832 208265  9565 288384 65579 249930 228356 1031703  74976 2746  2481 4084 217253 4609  18013    0  7426 1590
2878 11599 10194 43640 21061  84144 1606  431792 6115  9975  70561 32473 360924  3213  8922 36804 185939 134348 212176  9611 289135 66331 254263 233893 1042016  77006 2764  2652 4088 217945 4622  18203    0  7429 1645
2941 12002 10194 43698 21135  85208 1610  453150 6123 10133  70599 32510 370858  3366  9002 36844 187201 134856 215997  9654 289809 67074 258514 239430 1051981  79035 2780  2824 4093 218650 4634  18411    0  7431 1699
3002 12405 10194 43754 21208  86258 1613  474509 6131 10289  70633 32545 380791  3519  9080 36881 188385 135332 219728  9695 290465 67808 262686 244968 1062253  81065 2796  2995 4097 219341 4646  18618    0  7433 1753
3062 12808 10194 43810 21281  87295 1616  495867 6138 10444  70663 32577 390725  3672  9157 36915 189495 135776 223370  9733 291103 68535 266780 250505 1072183  83094 2811  3167 4100 220018 4657  18844    0  7435 1806
3121 13212 10194 43863 21352  88317 1619  517225 6145 10597  70691 32607 400658  3824  9231 36947 190535 136193 226924  9770 291667 69254 270798 256043 1082210  85123 2825  3338 4104 220681 4667  19089    0  7437 1858
3179 13615 10194 43915 21422  89325 1622  538583 6151 10748  70717 32635 410592  3977  9304 36977 191510 136583 230390  9804 292273 69964 274741 261580 1092120  87153 2839  3510 4107 221359 4677  19314    0  7438 1910
3235 14018 10194 43966 21492  90320 1626  559942 6157 10898  70740 32661 420526  4130  9376 37004 192424 136948 233771  9836 292806 70667 278610 267117 1101687  89182 2851  3682 4110 221995 4686  19538    0  7440 1961
3290 14422 10194 44016 21560  91302 1629  581300 6163 11046  70760 32685 430459  4283  9445 37030 193281 137289 237068  9867 293384 71362 282406 272654 1111137  91212 2863  3853 4113 222618 4695  19742    0  7441 2011
3345 14825 10194 44064 21628  92270 1632  602658 6168 11192  70779 32708 440393  4435  9513 37054 194084 137609 240282  9896 293949 72050 286132 278191 1120471  93241 2875  4025 4115 223228 4703  19925    0  7443 2060
3398 15228 10194 44111 21695  93226 1635  624017 6173 11337  70796 32729 450326  4588  9579 37076 194837 137908 243415  9924 294501 72729 289789 283729 1129461  95271 2886  4196 4118 223826 4711  20087    0  7444 2108
3450 15632 10194 44157 21761  94169 1638  645375 6177 11480  70812 32748 460260  4741  9644 37097 195543 138188 246468  9950 295100 73401 293377 289266 1138106  97300 2896  4368 4120 224411 4718  20209    0  7445 2156
3500 16035 10194 44201 21826  95099 1641  666733 6182 11621  70826 32767 470194  4894  9708 37116 196205 138450 249443  9974 295865 74066 296898 294804 1146402  99329 2906  4539 4122 224985 4725  20310    0  7446 2203
3550 16438 10194 44245 21891  96017 1645  688091 6186 11761  70839 32784 480127  5046  9770 37134 196826 138696 252342  9997 296086 74724 300353 300341 1154582 101359 2915  4711 4124 225547 4732  20410    0  7447 2249
3599 16841 10194 44287 21954  96922 1648  709450 6189 11898  70850 32800 490061  5199  9830 37151 197407 138925 255166 10019 296297 75374 303744 305878 1162413 103388 2924  4883 4126 226097 4739  20469    0  7448 2294
3647 17245 10194 44328 22017  97816 1651  730808 6193 12034  70861 32815 499995  5352  9889 37167 197952 139140 257917 10040 296497 76017 307072 311415 1170129 105418 2932  5054 4127 226636 4745  20528    0  7449 2339
3694 17648 10194 44368 22079  98697 1654  752166 6196 12168  70870 32828 509928  5505  9947 37181 198464 139341 260598 10060 296688 76653 310337 316952 1177494 107447 2940  5226 4129 227165 4750  20586    0  7450 2383
3740 18051 10194 44407 22140  99566 1657  773524 6199 12300  70879 32841 519862  5657 10003 37195 198943 139530 263210 10078 296869 77281 313541 322489 1184506 109477 2947  5397 4130 227682 4756  20623    0  7451 2426
3785 18455 10194 44445 22201 100424 1661  794883 6202 12431  70887 32853 529795  5810 10058 37207 199392 139706 265755 10096 297041 77903 316686 328027 1191405 111506 2954  5569 4132 228189 4761  20679    0  7452 2469
3829 18858 10194 44482 22260 101270 1664  816241 6205 12559  70894 32865 539729  5963 10112 37219 199813 139871 268234 10112 297205 78518 319772 333564 1198193 113535 2961  5740 4133 228686 4766  20714    0  7452 2511
3872 19261 10194 44518 22319 102105 1667  837599 6207 12686  70900 32875 549663  6116 10164 37230 200208 140025 270650 10128 297361 79126 322800 339102 1204628 115565 2967  5912 4134 229173 4771  20749    0  7453 2553
3914 19665 10194 44554 22377 102929 1670  858957 6210 12811  70906 32885 559596  6268 10216 37240 200578 140170 273004 10143 297509 79728 325772 344639 1210954 117594 2973  6084 4135 229650 4775  20804    0  7454 2594
3955 20068 10194 44588 22435 103742 1673  880316 6212 12934  70911 32894 569530  6421 10266 37249 200925 140305 275298 10157 297650 80323 328688 350176 1216926 119624 2979  6255 4136 230117 4779  20857    0  7454 2634
3996 20471 10194 44621 22492 104544 1677  901674 6214 13055  70916 32902 579463  6574 10315 37258 201250 140432 277535 10170 297784 80911 331550 355713 1222791 121653 2985  6427 4137 230606 4783  20911    0  7455 2673
4035 20874 10194 44654 22547 105335 1680  923032 6216 13174  70921 32910 589397  6727 10363 37266 201555 140550 279715 10182 297911 81493 334358 361250 1228549 123683 2990  6598 4138 231055 4787  20963    0  7455 2713
4074 21278 10194 44685 22603 106116 1683  944391 6218 13292  70924 32918 599331  6879 10409 37274 201841 140661 281840 10194 298032 82068 337114 366788 1234205 125712 2995  6770 4139 231495 4791  21015    0  7456 2751
4112 21681 10194 44716 22657 106886 1686  965749 6220 13407  70928 32924 609264  7032 10455 37281 202109 140765 283913 10205 298147 82637 339818 372325 1239508 127742 2999  6941 4140 231926 4794  21067    0  7456 2789
4150 22084 10194 44746 22711 107646 1689  987107 6221 13521  70931 32931 619198  7185 10500 37288 202360 140862 285934 10216 298257 83199 342472 377862 1244960 129771 3004  7113 4140 232349 4797  21138    0  7457 2827
4186 22488 10194 44775 22764 108396 1692 1008465 6223 13633  70934 32937 629131  7338 10543 37294 202595 140953 287906 10226 298361 83756 345077 383400 1250063 131800 3008  7285 4141 232732 4800  21189    0  7457 2864
4222 22891 10194 44803 22817 109135 1696 1029824 6224 13743  70937 32942 639065  7490 10586 37300 202816 141038 289830 10235 298460 84306 347632 388937 1255320 133830 3012  7456 4142 233138 4803  21240    0  7457 2901
4257 23294 10194 44831 22869 109865 1699 1051182 6226 13852  70939 32948 648999  7643 10627 37305 203023 141118 291708 10244 298554 84850 350140 394474 1260484 135859 3016  7628 4142 233505 4806  21289    0  7458 2937
4291 23698 10194 44858 22920 110585 1702 1072540 6227 13958  70941 32952 658932  7796 10668 37310 203217 141193 293541 10252 298644 85388 352602 400011 1265555 137889 3019  7799 4143 233863 4808  21339    0  7458 2973
4325 24101 10194 44884 22970 111296 1705 1093898 6228 14063  70943 32957 668866  7949 10707 37314 203399 141263 295331 10260 298729 85920 355017 405548 1270279 139918 3023  7971 4143 234215 4811  21388    0  7458 3009
4358 24504 10194 44910 23020 111996 1708 1115257 6229 14166  70945 32961 678799  8101 10746 37319 203569 141328 297079 10268 298810 86447 357387 411086 1275170 141948 3026  8142 4144 234559 4813  21437    0  7458 3044
4390 24907 10194 44935 23069 112688 1712 1136615 6230 14268  70947 32965 688733  8254 10784 37323 203729 141389 298787 10275 298887 86967 359713 416623 1279973 143977 3029  8314 4144 234895 4816  21485    0  7459 3079
4421 25311 10194 44959 23118 113370 1715 1157973 6231 14367  70948 32969 698667  8407 10821 37326 203879 141446 300456 10282 298960 87482 361995 422160 1284950 146006 3032  8486 4145 235224 4818  21533    0  7459 3113
4452 25714 10194 44983 23166 114043 1718 1179332 6232 14465  70950 32972 708600  8560 10857 37330 204019 141500 302088 10288 299030 87991 364235 427698 1289584 148036 3034  8657 4145 235545 4820  21581    0  7459 3147
4483 26117 10194 45006 23213 114707 1721 1200690 6233 14562  70951 32975 718534  8712 10892 37333 204151 141550 303683 10294 299096 88494 366433 433235 1294137 150065 3037  8829 4145 235860 4822  21629    0  7459 3181
4512 26521 10194 45028 23260 115362 1724 1222048 6234 14656  70952 32978 728468  8865 10927 37336 204275 141597 305244 10300 299159 88992 368590 438772 1298608 152095 3039  9000 4146 236168 4823  21676    0  7460 3215
4541 26924 10194 45050 23306 116009 1728 1243406 6234 14749  70953 32981 738401  9018 10960 37339 204390 141641 306771 10305 299219 89484 370707 444309 1303000 154124 3042  9172 4146 236469 4825  21723    0  7460 3248
4570 27327 10194 45071 23352 116646 1731 1264765 6235 14841  70954 32984 748335  9171 10993 37341 204499 141682 308266 10310 299276 89971 372784 449846 1307315 156154 3044  9344 4146 236764 4827  21769    0  7460 3281
4598 27731 10194 45092 23397 117275 1734 1286123 6236 14930  70955 32986 758268  9323 11025 37344 204600 141721 309729 10315 299331 90453 374823 455384 1311553 158183 3046  9515 4147 237052 4828  21816    0  7460 3314
4625 28134 10194 45112 23442 117896 1737 1307481 6236 15018  70955 32988 768202  9476 11057 37346 204696 141757 311163 10319 299382 90929 376823 460921 1315717 160212 3048  9687 4147 237334 4830  21862    0  7460 3347
4652 28537 10194 45132 23485 118508 1740 1328839 6237 15105  70956 32990 778136  9629 11087 37348 204785 141790 312568 10324 299431 91400 378786 466459 1319807 162242 3050  9858 4147 237609 4831  21908    0  7460 3379
4678 28940 10194 45151 23529 119113 1744 1350198 6237 15190  70957 32992 788069  9782 11117 37350 204869 141822 313945 10328 299478 91865 380712 471996 1323825 164271 3052 10030 4147 237879 4832  21954    0  7460 3411
4704 29344 10194 45169 23572 119709 1747 1371556 6238 15273  70957 32994 798003  9934 11146 37352 204947 141851 315295 10332 299522 92326 382603 477533 1327772 166301 3053 10201 4148 238143 4834  21999    0  7461 3443
4729 29747 10194 45187 23614 120297 1750 1392914 6238 15355  70958 32996 807936 10087 11175 37354 205021 141879 316619 10335 299564 92781 384458 483070 1331651 168330 3055 10373 4148 238401 4835  22044    0  7461 3475
4753 30150 10194 45205 23656 120877 1753 1414273 6239 15435  70958 32997 817870 10240 11203 37355 205090 141905 317919 10339 299604 93231 386278 488607 1335461 170360 3057 10545 4148 238654 4836  22090    0  7461 3507
4778 30554 10194 45222 23697 121450 1756 1435631 6239 15514  70959 32999 827804 10393 11230 37357 205155 141929 319195 10342 299642 93677 388065 494145 1339204 172389 3058 10716 4148 238901 4837  22134    0  7461 3538
4801 30957 10194 45239 23737 122014 1759 1456989 6240 15592  70959 33000 837737 10545 11257 37358 205215 141952 320448 10345 299679 94117 389818 499682 1342882 174418 3059 10888 4148 239142 4838  22179    0  7461 3570
4824 31360 10194 45255 23778 122571 1763 1478347 6240 15668  70959 33001 847671 10698 11283 37359 205272 141973 321679 10348 299713 94553 391538 505219 1346496 176448 3061 11059 4148 239379 4839  22224    0  7461 3601
4847 31764 10194 45271 23817 123121 1766 1499706 6240 15742  70960 33003 857604 10851 11308 37360 205326 141993 322889 10351 299746 94984 393226 510757 1350047 178477 3062 11231 4149 239611 4840  22248    0  7461 3633
4869 32167 10194 45287 23856 123664 1769 1521064 6241 15815  70960 33004 867538 11004 11333 37362 205376 142012 324079 10353 299777 95410 394883 516294 1353537 180507 3063 11402 4149 239836 4841  22292    0  7461 3664
4891 32570 10194 45302 23895 124199 1772 1542422 6241 15887  70960 33005 877472 11156 11357 37363 205422 142029 325249 10356 299807 95831 396509 521831 1356965 182536 3064 11574 4149 240058 4841  22316    0  7461 3695
4912 32973 10194 45316 23933 124727 1775 1563780 6241 15957  70960 33006 887405 11309 11381 37363 205466 142045 326400 10358 299835 96248 398104 527368 1360335 184566 3065 11746 4149 240275 4842  22339    0  7461 3726
4912 32973 10194 45316 23933 124727 1775 1563780 6241 15957  70960 33006 887405 11309 11381 37363 205466 142045 326400 10358 299835 96248 398104 527368 1360335 184566 3065 11746 4149 240275 4842  22339    0  7461 3726