2000.0000  377532  203588.0 118634.56
2001.0000  376995  233120.0 73757.888
2002.0000  376458  200579.6 84411.979
2003.0000  375921  114047.5 105953.25
2004.0000  375384  134618.1 78820.676
2005.0000  374847  232842.9 58510.955
2006.0000  374310  224522.9 56305.149
2007.0000  373773  153767.5 52445.000
2008.0000  373236  153687.3 51766.000
2009.0000  372699  147192.1 51327.000
2010.0000  372161  132644.3 51327.000
2011.0000  369841  125177.5 49931.147
2012.0000  365949  117375.4 48248.543
2013.0000  361196  108274.1 46205.101
2014.0000  356290  101353.4 44589.284
2015.0000  351941  94155.08 42842.787
2016.0000  348699  87515.97 41166.473
2017.0000  346482  79541.28 29292.374
2018.0000  345047  74141.34 28172.661
2019.0000  344153  69224.44 27113.990
2020.0000  343558  62972.10 25962.420
2021.0000  343021  58307.25 24902.856
2022.0000  342299  54089.62 23906.875
2023.0000  341152  50096.24 22924.494
2024.0000  339338  46464.24 16496.613
2025.0000  336614  43252.66 15857.974
2026.0000  333946  40000.0  14000.00
2027.0000  331328  36700.0  12000.00
2028.0000  328762  33500.0  10000.00
2029.0000  326246  30100.0  8500.000
2030.0000  323779  27000.0  6000.000
2031.0000  321360  24300.0  4000.000
2032.0000  318989  22000.0  2000.000
2033.0000  316663  19000.0  1000.000
2034.0000  314384  17000.0  500.0000
2035.0000  312148  15000.0  0.00000
2036.0000  309956  14000.0  0
2037.0000  307807  13000.0  0
2038.0000  305700  11500.0  0
2039.0000  303635  10000.0  0
2040.0000  301609  9000.00  0
2041.0000  299623  8000.00  0
2042.0000  297676  7000.00  0
2043.0000  295767  6000.00  0
2044.0000  293895  4500.00  0
2045.0000  292059  4000.00  0
2046.0000  290260  3500.00  0
2047.0000  288495  2500.00  0
2048.0000  286765  1700.00  0
2049.0000  285069  900.000  0
2050.0000  283406  0.00000  0
2051.0000  281775  0  0
2052.0000  280176  0  0
2053.0000  278609  0  0
2054.0000  277072  0  0
2055.0000  275565  0  0
2056.0000  274087  0  0
2057.0000  272638  0  0
2058.0000  271218  0  0
2059.0000  269825  0  0
2060.0000  268460  0  0
2061.0000  267121  0  0
2062.0000  265808  0  0
2063.0000  264521  0  0
2064.0000  263259  0  0
2065.0000  262021  0  0
2066.0000  260808  0  0
2067.0000  259619  0  0
2068.0000  258452  0  0
2069.0000  257309  0  0
2070.0000  256188  0  0
2071.0000  255088  0  0
2072.0000  254010  0  0
2073.0000  252954  0  0
2074.0000  251917  0  0
2075.0000  250901  0  0
2076.0000  249905  0  0
2077.0000  248929  0  0
2078.0000  247971  0  0
2079.0000  247032  0  0
2080.0000  246112  0  0
2081.0000  245209  0  0
2082.0000  244324  0  0
2083.0000  243456  0  0
2084.0000  242605  0  0
2085.0000  241771  0  0