  0    0     0     0    0     0    0     0    0    0     0    0     0    0    0    0     0     0     0    0      0      0     0     0      0     0    0    0    0      0    0     0    0   0   0
  0    0     0     0    0     0    0     0    0    0     0    0     0    0    0    0     0     0     0    0      0      0     0     0      0     0    0    0    0      0    0     0    0   0   0
  0    0     0     0    0     0    0     0    0    0     0    0     0    0    0    0     0     0     0    0      0      0     0     0      0     0    0    0    0      0    0     0    0   0   0
  0    0     0     0    0     0    0     0    0    0     0    0     0    0    0    0     0     0     0    0      0      0     0     0      0     0    0    0    0      0    0     0    0   0   0
  0    0     0     0    0     0    0     0    0    0     0    0     0    0    0    0     0     0     0    0      0      0     0     0      0     0    0    0    0      0    0     0    0   0   0
324  492 15201 12923 5176 12967 1252  5023 1506 1661 58176 6451 20601  248  604 5938 38234 53731  8517 2342 105131  49629 15024 29944 321407  4899  111 2703 1029  87476  694 50869 4559 444  25
330  541 15326 13016 5193 13379 1259  5919 1555 1710 59449 6579 22415  261  630 6026 39564 54462  9040 2448 106290  56890 15447 30990 327825  5496  136 2749 1050  88401  707 51492 4702 461  24
337  602 15469 13123 5213 13864 1268  7044 1614 1770 60904 6734 24603  277  660 6130 41149 55330  9731 2572 107653  65747 15937 32239 335400  6196  168 2804 1074  89481  723 52218 4871 482  23
344  671 15619 13238 5235 14398 1276  8368 1680 1837 62439 6909 27065  297  693 6244 42911 56289 10588 2704 109142  75846 16465 33629 343711  6958  205 2863 1099  90653  741 53002 5057 505  22
351  748 15768 13353 5259 14951 1284  9862 1750 1908 63949 7097 29702  321  728 6360 44769 57293 11608 2837 110681  86833 17000 35097 352338  7741  247 2926 1122  91850  759 53798 5251 529  23
358  829 15904 13461 5283 15499 1293 11495 1821 1982 65331 7291 32414  349  763 6474 46642 58297 12788 2963 112189  98354 17509 36581 360859  8503  293 2989 1143  93006  778 54561 5442 553  25
364  913 16020 13556 5306 16017 1301 13243 1891 2055 66501 7485 35120  380  796 6581 48464 59261 14124 3074 113604 110124 17969 38031 368929  9212  343 3049 1159  94069  795 55256 5623 575  29
370 1000 16116 13638 5328 16505 1307 15098 1959 2127 67459 7678 37807  415  828 6679 50217 60178 15606 3172 114917 122122 18378 39441 376508  9864  395 3107 1170  95037  812 55878 5794 597  35
374 1088 16192 13708 5350 16965 1313 17059 2025 2198 68223 7866 40480  452  858 6769 51896 61045 17221 3256 116131 134394 18742 40817 383629 10465  450 3162 1176  95917  828 56434 5952 616  42
378 1178 16253 13767 5371 17398 1318 19123 2088 2269 68812 8050 43144  492  885 6851 53495 61862 18958 3327 117253 146986 19065 42164 390329 11020  506 3215 1176  96720  843 56927 6101 635  51
381 1269 16298 13816 5391 17808 1323 21288 2148 2339 69246 8227 45804  533  912 6925 55011 62628 20806 3388 118286 159946 19351 43490 396642 11534  564 3266 1176  97455  858 57365 6239 652  60
384 1362 16331 13856 5410 18197 1326 23551 2206 2409 69542 8396 48465  575  936 6991 56437 63341 22751 3438 119236 173319 19607 44799 402603 12014  623 3314 1176  98132  871 57751 6366 667  70
386 1454 16353 13889 5429 18567 1329 25911 2259 2477 69721 8555 51132  617  958 7049 57769 64000 24783 3479 120107 187151 19837 46098 408246 12463  683 3362 1176  98759  885 58092 6483 681  81
388 1547 16366 13915 5447 18921 1331 28364 2310 2545 69800 8703 53810  660  979 7100 59002 64603 26890 3511 120904 201490 20046 47394 413607 12888  742 3407 1176  99346  897 58392 6590 694  92
389 1640 16371 13936 5464 19261 1333 30910 2356 2612 69800 8839 56504  701  998 7144 60131 65151 29058 3536 121632 216381 20238 48690 418721 13293  802 3451 1176  99903  909 58657 6687 705 104
389 1732 16371 13952 5480 19589 1335 33545 2397 2679 69800 8960 59218  741 1016 7181 61150 65641 31278 3555 122296 231871 20420 49995 423622 13684  860 3495 1176 100438  921 58892 6775 715 114
390 1824 16368 13965 5496 19909 1337 36267 2435 2745 69800 9066 61958  780 1031 7211 62056 66071 33537 3569 122900 248007 20595 51314 428345 14066  917 3538 1176 100962  932 59102 6853 723 125
391 1914 16363 13975 5511 20222 1338 39074 2467 2810 69800 9155 64729  816 1045 7234 62842 66443 35823 3579 123449 264835 20769 52653 432925 14445  972 3580 1176 101483  943 59293 6921 730 135
391 2003 16360 13984 5525 20531 1339 41965 2494 2874 69800 9225 67535  849 1057 7251 63504 66752 38123 3585 123948 282400 20946 54017 437397 14825 1025 3622 1176 102011  954 59470 6981 735 144
391 2089 16358 13994 5539 20838 1340 44935 2516 2938 69800 9275 70382  879 1067 7261 64038 66999 40427 3589 124402 300750 21133 55414 441797 15212 1076 3663 1176 102555  964 59639 7032 738 153
391 2174 16361 14004 5552 21146 1341 47984 2531 3002 69800 9303 73274  904 1076 7266 64437 67183 42723 3592 124815 319931 21332 56848 446158 15612 1123 3706 1176 103125  974 59803 7074 740 160
391 2256 16371 14017 5565 21457 1343 51109 2541 3064 69800 9309 76217  925 1082 7266 64697 67301 44999 3595 125192 339990 21551 58326 450516 16028 1166 3748 1176 103730  984 59970 7107 741 171
391 2335 16388 14032 5576 21774 1344 54307 2545 3126 69800 9309 79214  941 1087 7266 64813 67353 47242 3599 125539 360972 21792 59854 454905 16468 1206 3791 1176 104380  994 60144 7132 741 171
391 2411 16416 14052 5587 22099 1346 57577 2545 3188 69800 9309 82272  952 1091 7266 64813 67353 49441 3605 125859 382924 22062 61438 459361 16936 1241 3835 1176 105083 1004 60330 7149 741 171
391 2483 16455 14078 5598 22434 1348 60916 2545 3249 69800 9309 85396  956 1092 7266 64813 67353 51584 3614 126158 405893 22366 63084 463918 17437 1270 3880 1176 105849 1014 60534 7157 741 171
392 2551 16509 14110 5607 22782 1350 64322 2545 3310 69935 9309 88589  953 1092 7266 64813 67353 53659 3626 126441 429925 22707 64797 468612 17976 1295 3926 1176 106688 1024 60761 7159 741 171
392 2551 16509 14110 5607 22782 1350 64322 2545 3310 69935 9309 88589  953 1092 7266 64813 67353 53659 3626 126441 429925 22707 64797 468612 17976 1295 3926 1176 106688 1024 60761 7159 741 171
392 2551 16509 14110 5607 22782 1350 64322 2545 3310 69935 9309 88589  953 1092 7266 64813 67353 53659 3626 126441 429925 22707 64797 468612 17976 1295 3926 1176 106688 1024 60761 7159 741 171
392 2551 16509 14110 5607 22782 1350 64322 2545 3310 69935 9309 88589  953 1092 7266 64813 67353 53659 3626 126441 429925 22707 64797 468612 17976 1295 3926 1176 106688 1024 60761 7159 741 171
392 2551 16509 14110 5607 22782 1350 64322 2545 3310 69935 9309 88589  953 1092 7266 64813 67353 53659 3626 126441 429925 22707 64797 468612 17976 1295 3926 1176 106688 1024 60761 7159 741 171
392 2551 16509 14110 5607 22782 1350 64322 2545 3310 69935 9309 88589  953 1092 7266 64813 67353 53659 3626 126441 429925 22707 64797 468612 17976 1295 3926 1176 106688 1024 60761 7159 741 171
392 2551 16509 14110 5607 22782 1350 64322 2545 3310 69935 9309 88589  953 1092 7266 64813 67353 53659 3626 126441 429925 22707 64797 468612 17976 1295 3926 1176 106688 1024 60761 7159 741 171
392 2551 16509 14110 5607 22782 1350 64322 2545 3310 69935 9309 88589  953 1092 7266 64813 67353 53659 3626 126441 429925 22707 64797 468612 17976 1295 3926 1176 106688 1024 60761 7159 741 171
392 2551 16509 14110 5607 22782 1350 64322 2545 3310 69935 9309 88589  953 1092 7266 64813 67353 53659 3626 126441 429925 22707 64797 468612 17976 1295 3926 1176 106688 1024 60761 7159 741 171
392 2551 16509 14110 5607 22782 1350 64322 2545 3310 69935 9309 88589  953 1092 7266 64813 67353 53659 3626 126441 429925 22707 64797 468612 17976 1295 3926 1176 106688 1024 60761 7159 741 171
392 2551 16509 14110 5607 22782 1350 64322 2545 3310 69935 9309 88589  953 1092 7266 64813 67353 53659 3626 126441 429925 22707 64797 468612 17976 1295 3926 1176 106688 1024 60761 7159 741 171
392 2551 16509 14110 5607 22782 1350 64322 2545 3310 69935 9309 88589  953 1092 7266 64813 67353 53659 3626 126441 429925 22707 64797 468612 17976 1295 3926 1176 106688 1024 60761 7159 741 171
392 2551 16509 14110 5607 22782 1350 64322 2545 3310 69935 9309 88589  953 1092 7266 64813 67353 53659 3626 126441 429925 22707 64797 468612 17976 1295 3926 1176 106688 1024 60761 7159 741 171
392 2551 16509 14110 5607 22782 1350 64322 2545 3310 69935 9309 88589  953 1092 7266 64813 67353 53659 3626 126441 429925 22707 64797 468612 17976 1295 3926 1176 106688 1024 60761 7159 741 171
392 2551 16509 14110 5607 22782 1350 64322 2545 3310 69935 9309 88589  953 1092 7266 64813 67353 53659 3626 126441 429925 22707 64797 468612 17976 1295 3926 1176 106688 1024 60761 7159 741 171
392 2551 16509 14110 5607 22782 1350 64322 2545 3310 69935 9309 88589  953 1092 7266 64813 67353 53659 3626 126441 429925 22707 64797 468612 17976 1295 3926 1176 106688 1024 60761 7159 741 171
392 2551 16509 14110 5607 22782 1350 64322 2545 3310 69935 9309 88589  953 1092 7266 64813 67353 53659 3626 126441 429925 22707 64797 468612 17976 1295 3926 1176 106688 1024 60761 7159 741 171
392 2551 16509 14110 5607 22782 1350 64322 2545 3310 69935 9309 88589  953 1092 7266 64813 67353 53659 3626 126441 429925 22707 64797 468612 17976 1295 3926 1176 106688 1024 60761 7159 741 171
392 2551 16509 14110 5607 22782 1350 64322 2545 3310 69935 9309 88589  953 1092 7266 64813 67353 53659 3626 126441 429925 22707 64797 468612 17976 1295 3926 1176 106688 1024 60761 7159 741 171
392 2551 16509 14110 5607 22782 1350 64322 2545 3310 69935 9309 88589  953 1092 7266 64813 67353 53659 3626 126441 429925 22707 64797 468612 17976 1295 3926 1176 106688 1024 60761 7159 741 171
392 2551 16509 14110 5607 22782 1350 64322 2545 3310 69935 9309 88589  953 1092 7266 64813 67353 53659 3626 126441 429925 22707 64797 468612 17976 1295 3926 1176 106688 1024 60761 7159 741 171
392 2551 16509 14110 5607 22782 1350 64322 2545 3310 69935 9309 88589  953 1092 7266 64813 67353 53659 3626 126441 429925 22707 64797 468612 17976 1295 3926 1176 106688 1024 60761 7159 741 171
392 2551 16509 14110 5607 22782 1350 64322 2545 3310 69935 9309 88589  953 1092 7266 64813 67353 53659 3626 126441 429925 22707 64797 468612 17976 1295 3926 1176 106688 1024 60761 7159 741 171
392 2551 16509 14110 5607 22782 1350 64322 2545 3310 69935 9309 88589  953 1092 7266 64813 67353 53659 3626 126441 429925 22707 64797 468612 17976 1295 3926 1176 106688 1024 60761 7159 741 171
392 2551 16509 14110 5607 22782 1350 64322 2545 3310 69935 9309 88589  953 1092 7266 64813 67353 53659 3626 126441 429925 22707 64797 468612 17976 1295 3926 1176 106688 1024 60761 7159 741 171
392 2551 16509 14110 5607 22782 1350 64322 2545 3310 69935 9309 88589  953 1092 7266 64813 67353 53659 3626 126441 429925 22707 64797 468612 17976 1295 3926 1176 106688 1024 60761 7159 741 171
392 2551 16509 14110 5607 22782 1350 64322 2545 3310 69935 9309 88589  953 1092 7266 64813 67353 53659 3626 126441 429925 22707 64797 468612 17976 1295 3926 1176 106688 1024 60761 7159 741 171
392 2551 16509 14110 5607 22782 1350 64322 2545 3310 69935 9309 88589  953 1092 7266 64813 67353 53659 3626 126441 429925 22707 64797 468612 17976 1295 3926 1176 106688 1024 60761 7159 741 171
392 2551 16509 14110 5607 22782 1350 64322 2545 3310 69935 9309 88589  953 1092 7266 64813 67353 53659 3626 126441 429925 22707 64797 468612 17976 1295 3926 1176 106688 1024 60761 7159 741 171
392 2551 16509 14110 5607 22782 1350 64322 2545 3310 69935 9309 88589  953 1092 7266 64813 67353 53659 3626 126441 429925 22707 64797 468612 17976 1295 3926 1176 106688 1024 60761 7159 741 171
392 2551 16509 14110 5607 22782 1350 64322 2545 3310 69935 9309 88589  953 1092 7266 64813 67353 53659 3626 126441 429925 22707 64797 468612 17976 1295 3926 1176 106688 1024 60761 7159 741 171
392 2551 16509 14110 5607 22782 1350 64322 2545 3310 69935 9309 88589  953 1092 7266 64813 67353 53659 3626 126441 429925 22707 64797 468612 17976 1295 3926 1176 106688 1024 60761 7159 741 171
392 2551 16509 14110 5607 22782 1350 64322 2545 3310 69935 9309 88589  953 1092 7266 64813 67353 53659 3626 126441 429925 22707 64797 468612 17976 1295 3926 1176 106688 1024 60761 7159 741 171
392 2551 16509 14110 5607 22782 1350 64322 2545 3310 69935 9309 88589  953 1092 7266 64813 67353 53659 3626 126441 429925 22707 64797 468612 17976 1295 3926 1176 106688 1024 60761 7159 741 171
392 2551 16509 14110 5607 22782 1350 64322 2545 3310 69935 9309 88589  953 1092 7266 64813 67353 53659 3626 126441 429925 22707 64797 468612 17976 1295 3926 1176 106688 1024 60761 7159 741 171
392 2551 16509 14110 5607 22782 1350 64322 2545 3310 69935 9309 88589  953 1092 7266 64813 67353 53659 3626 126441 429925 22707 64797 468612 17976 1295 3926 1176 106688 1024 60761 7159 741 171
392 2551 16509 14110 5607 22782 1350 64322 2545 3310 69935 9309 88589  953 1092 7266 64813 67353 53659 3626 126441 429925 22707 64797 468612 17976 1295 3926 1176 106688 1024 60761 7159 741 171
392 2551 16509 14110 5607 22782 1350 64322 2545 3310 69935 9309 88589  953 1092 7266 64813 67353 53659 3626 126441 429925 22707 64797 468612 17976 1295 3926 1176 106688 1024 60761 7159 741 171
392 2551 16509 14110 5607 22782 1350 64322 2545 3310 69935 9309 88589  953 1092 7266 64813 67353 53659 3626 126441 429925 22707 64797 468612 17976 1295 3926 1176 106688 1024 60761 7159 741 171
392 2551 16509 14110 5607 22782 1350 64322 2545 3310 69935 9309 88589  953 1092 7266 64813 67353 53659 3626 126441 429925 22707 64797 468612 17976 1295 3926 1176 106688 1024 60761 7159 741 171
392 2551 16509 14110 5607 22782 1350 64322 2545 3310 69935 9309 88589  953 1092 7266 64813 67353 53659 3626 126441 429925 22707 64797 468612 17976 1295 3926 1176 106688 1024 60761 7159 741 171
392 2551 16509 14110 5607 22782 1350 64322 2545 3310 69935 9309 88589  953 1092 7266 64813 67353 53659 3626 126441 429925 22707 64797 468612 17976 1295 3926 1176 106688 1024 60761 7159 741 171
392 2551 16509 14110 5607 22782 1350 64322 2545 3310 69935 9309 88589  953 1092 7266 64813 67353 53659 3626 126441 429925 22707 64797 468612 17976 1295 3926 1176 106688 1024 60761 7159 741 171
392 2551 16509 14110 5607 22782 1350 64322 2545 3310 69935 9309 88589  953 1092 7266 64813 67353 53659 3626 126441 429925 22707 64797 468612 17976 1295 3926 1176 106688 1024 60761 7159 741 171
392 2551 16509 14110 5607 22782 1350 64322 2545 3310 69935 9309 88589  953 1092 7266 64813 67353 53659 3626 126441 429925 22707 64797 468612 17976 1295 3926 1176 106688 1024 60761 7159 741 171
392 2551 16509 14110 5607 22782 1350 64322 2545 3310 69935 9309 88589  953 1092 7266 64813 67353 53659 3626 126441 429925 22707 64797 468612 17976 1295 3926 1176 106688 1024 60761 7159 741 171
392 2551 16509 14110 5607 22782 1350 64322 2545 3310 69935 9309 88589  953 1092 7266 64813 67353 53659 3626 126441 429925 22707 64797 468612 17976 1295 3926 1176 106688 1024 60761 7159 741 171
392 2551 16509 14110 5607 22782 1350 64322 2545 3310 69935 9309 88589  953 1092 7266 64813 67353 53659 3626 126441 429925 22707 64797 468612 17976 1295 3926 1176 106688 1024 60761 7159 741 171
392 2551 16509 14110 5607 22782 1350 64322 2545 3310 69935 9309 88589  953 1092 7266 64813 67353 53659 3626 126441 429925 22707 64797 468612 17976 1295 3926 1176 106688 1024 60761 7159 741 171
392 2551 16509 14110 5607 22782 1350 64322 2545 3310 69935 9309 88589  953 1092 7266 64813 67353 53659 3626 126441 429925 22707 64797 468612 17976 1295 3926 1176 106688 1024 60761 7159 741 171
392 2551 16509 14110 5607 22782 1350 64322 2545 3310 69935 9309 88589  953 1092 7266 64813 67353 53659 3626 126441 429925 22707 64797 468612 17976 1295 3926 1176 106688 1024 60761 7159 741 171
392 2551 16509 14110 5607 22782 1350 64322 2545 3310 69935 9309 88589  953 1092 7266 64813 67353 53659 3626 126441 429925 22707 64797 468612 17976 1295 3926 1176 106688 1024 60761 7159 741 171
392 2551 16509 14110 5607 22782 1350 64322 2545 3310 69935 9309 88589  953 1092 7266 64813 67353 53659 3626 126441 429925 22707 64797 468612 17976 1295 3926 1176 106688 1024 60761 7159 741 171
392 2551 16509 14110 5607 22782 1350 64322 2545 3310 69935 9309 88589  953 1092 7266 64813 67353 53659 3626 126441 429925 22707 64797 468612 17976 1295 3926 1176 106688 1024 60761 7159 741 171
392 2551 16509 14110 5607 22782 1350 64322 2545 3310 69935 9309 88589  953 1092 7266 64813 67353 53659 3626 126441 429925 22707 64797 468612 17976 1295 3926 1176 106688 1024 60761 7159 741 171
392 2551 16509 14110 5607 22782 1350 64322 2545 3310 69935 9309 88589  953 1092 7266 64813 67353 53659 3626 126441 429925 22707 64797 468612 17976 1295 3926 1176 106688 1024 60761 7159 741 171